0,1,2,3,4,5,6,7,8,9,10,11,12,13,14,15,16
tt45239164,A Run for the Money,A Run for the Money,1962,60,"Crime,Drama,Thriller",7.4,47,6,writer,writer,3,22,Howard Rodman,1920,1985,"writer,miscellaneous,producer"
tt68199620,Dust Devil on a Quiet Street,Dust Devil on a Quiet Street,1962,60,"Crime,Drama,Thriller",7.7,53,7,writer,teleplay,4,11,Howard Rodman,1920,1985,"writer,miscellaneous,producer"
tt89830666,One of the Most Important Men in the Whole World,One of the Most Important Men in the Whole World,1962,60,"Crime,Drama,Thriller",7.7,45,6,writer,teleplay,3,17,Howard Rodman,1920,1985,"writer,miscellaneous,producer"
tt68312129,Portrait of a Painter,Portrait of a Painter,1962,60,"Crime,Drama,Thriller",7.8,79,6,writer,teleplay,3,14,Howard Rodman,1920,1985,"writer,miscellaneous,producer"
tt64634838,Strike a Statue,Strike a Statue,1962,60,"Crime,Drama,Thriller",7.2,37,7,writer,teleplay,3,28,Howard Rodman,1920,1985,"writer,miscellaneous,producer"
tt65943507,The Contract,The Contract,1962,60,"Crime,Drama,Thriller",6.5,52,7,writer,teleplay,3,16,Howard Rodman,1920,1985,"writer,miscellaneous,producer"
tt36440361,To Walk Like a Lion,To Walk Like a Lion,1962,60,"Crime,Drama,Thriller",7.1,62,7,writer,teleplay,3,20,Howard Rodman,1920,1985,"writer,miscellaneous,producer"
tt97864446,Today the Man Who Kills Ants Is Coming,Today the Man Who Kills Ants Is Coming,1962,60,"Crime,Drama,Thriller",8.6,63,6,writer,writer,3,21,Howard Rodman,1920,1985,"writer,miscellaneous,producer"
tt69658460,1800 Days to Justice,1800 Days to Justice,1962,50,Adventure,7.1,64,9,writer,story supervisor,2,16,Howard Rodman,1920,1985,"writer,miscellaneous,producer"
tt77645128,City of Wheels,City of Wheels,1962,51,Adventure,8.1,80,9,writer,story supervisor,2,17,Howard Rodman,1920,1985,"writer,miscellaneous,producer"
tt84335916,A Feat of Strength,A Feat of Strength,1962,51,Adventure,6.3,50,6,writer,teleplay,2,30,Howard Rodman,1920,1985,"writer,miscellaneous,producer"
tt69094207,A Long Piece of Mischief,A Long Piece of Mischief,1962,51,Adventure,8.0,82,10,writer,story supervisor,2,15,Howard Rodman,1920,1985,"writer,miscellaneous,producer"
tt63887815,Arent You Surprised to See Me,Arent You Surprised to See Me,1962,51,Adventure,7.6,63,8,writer,story supervisor,2,19,Howard Rodman,1920,1985,"writer,miscellaneous,producer"
tt21520206,Between Hello and Goodbye,Between Hello and Goodbye,1962,51,Adventure,7.4,70,8,writer,story supervisor,2,29,Howard Rodman,1920,1985,"writer,miscellaneous,producer"
tt19784929,Blues for the Left Foot,Blues for the Left Foot,1962,51,Adventure,7.5,71,9,writer,story supervisor,2,22,Howard Rodman,1920,1985,"writer,miscellaneous,producer"
tt98510228,Even Stones Have Eyes,Even Stones Have Eyes,1962,51,Adventure,8.4,82,9,writer,story supervisor,2,24,Howard Rodman,1920,1985,"writer,miscellaneous,producer"
tt28194906,From an Enchantress Fleeing,From an Enchantress Fleeing,1962,51,Adventure,7.3,64,9,writer,story supervisor,2,32,Howard Rodman,1920,1985,"writer,miscellaneous,producer"
tt51813604,Go Read the River,Go Read the River,1962,51,Adventure,7.1,67,8,writer,story supervisor,2,23,Howard Rodman,1920,1985,"writer,miscellaneous,producer"
tt97572736,Hell Is Empty All the Devils Are Here,Hell Is Empty All the Devils Are Here,1962,51,Adventure,7.1,58,8,writer,story supervisor,2,31,Howard Rodman,1920,1985,"writer,miscellaneous,producer"
tt35894790,How Much a Pound Is Albatross,How Much a Pound Is Albatross,1962,51,Adventure,7.7,83,8,writer,story supervisor,2,18,Howard Rodman,1920,1985,"writer,miscellaneous,producer"
tt69275412,Kiss the Maiden All Forlorn,Kiss the Maiden All Forlorn,1962,51,Adventure,6.6,66,8,writer,story supervisor,2,26,Howard Rodman,1920,1985,"writer,miscellaneous,producer"
tt32928862,Love Is a Skinny Kid,Love Is a Skinny Kid,1962,51,Adventure,8.5,108,8,writer,story supervisor,2,25,Howard Rodman,1920,1985,"writer,miscellaneous,producer"
tt82072927,Shoulder the Sky My Lad,Shoulder the Sky My Lad,1962,51,Adventure,8.2,69,9,writer,story supervisor,2,21,Howard Rodman,1920,1985,"writer,miscellaneous,producer"
tt90236512,There I Am  There I Always Am,There I Am  There I Always Am,1962,51,Adventure,7.5,71,8,writer,story supervisor,2,28,Howard Rodman,1920,1985,"writer,miscellaneous,producer"
tt73388753,To Walk with the Serpent,To Walk with the Serpent,1962,50,Adventure,7.2,83,9,writer,story supervisor,2,14,Howard Rodman,1920,1985,"writer,miscellaneous,producer"
tt60651408,Two on the House,Two on the House,1962,51,Adventure,7.6,74,9,writer,story supervisor,2,27,Howard Rodman,1920,1985,"writer,miscellaneous,producer"
tt26399678,Welcome to the Wedding,Welcome to the Wedding,1962,50,Adventure,8.5,83,6,writer,written by,3,8,Howard Rodman,1920,1985,"writer,miscellaneous,producer"
tt22474024,You Never Had It So Good,You Never Had It So Good,1962,52,Adventure,7.7,62,9,writer,story supervisor,2,20,Howard Rodman,1920,1985,"writer,miscellaneous,producer"
tt49897273,Bette Davis Debbie Reynolds the Osmond Brothers,Bette Davis Debbie Reynolds the Osmond Brothers,1962,60,Music,9.7,156,6,writer,writer,1,12,Sam Denoff,1928,2011,"writer,producer,miscellaneous"
tt79381249,The War Comes to Washoe,The War Comes to Washoe,1962,60,Western,6.9,90,6,writer,written by,4,7,Alvin Sapinsley,1921,2002,"writer,producer,actor"
tt78409178,One Lousy Wednesday,One Lousy Wednesday,1962,60,"Action,Crime,Drama",7.1,8,6,writer,written by,3,21,Alvin Sapinsley,1921,2002,"writer,producer,actor"
tt69775847,Three Blind Mice Part 1,Three Blind Mice Part 1,1962,60,"Action,Crime,Drama",7.4,10,6,writer,written by,3,24,Alvin Sapinsley,1921,2002,"writer,producer,actor"
tt63974611,Three Blind Mice Part II,Three Blind Mice Part II,1962,60,"Action,Crime,Drama",7.4,9,6,writer,written by,3,25,Alvin Sapinsley,1921,2002,"writer,producer,actor"
tt48290866,Behold a Pale Horse,Behold a Pale Horse,1962,60,Drama,9.6,10,7,writer,teleplay,1,21,Jack Laird,1923,1991,"producer,writer,actor"
tt42647641,Imagine a Long Bright Corridor,Imagine a Long Bright Corridor,1962,60,Drama,9.1,14,7,writer,writer,1,15,Jack Laird,1923,1991,"producer,writer,actor"
tt97074037,Lazarus,Lazarus,1962,30,Western,7.7,67,6,writer,written by,5,17,Jack Laird,1923,1991,"producer,writer,actor"
tt81905476,Silent Death Secret Death,Silent Death Secret Death,1962,30,Western,7.4,54,6,writer,written by,5,29,Jack Laird,1923,1991,"producer,writer,actor"
tt76804454,Justice in Hell,Justice in Hell,1962,30,Western,8.3,73,5,writer,writer,5,18,Jack Laird,1923,1991,"producer,writer,actor"
tt27838298,The Romance of Silver Pines,The Romance of Silver Pines,1962,30,"Comedy,Family",7.0,47,6,writer,written by,2,15,Jack Laird,1923,1991,"producer,writer,actor"
tt31687177,The Middle Man,The Middle Man,1962,60,Drama,7.0,7,7,writer,writer,1,19,David Friedkin,1912,1976,"producer,writer,director"
tt28425187,The Man from the Sea,The Man from the Sea,1962,75,Western,7.1,96,7,writer,writer,1,14,David Friedkin,1912,1976,"producer,writer,director"
tt22482679,Woman from White Wing,Woman from White Wing,1962,75,Western,8.0,124,7,writer,writer,1,2,David Friedkin,1912,1976,"producer,writer,director"
tt59230454,Hear the Mellow Wedding Bells,Hear the Mellow Wedding Bells,1962,60,Drama,8.0,9,8,writer,writer,1,8,David Rayfiel,1923,2011,"writer,script_department,miscellaneous"
tt43194692,A Miracle for St Francis,A Miracle for St Francis,1962,30,Western,7.6,67,7,writer,creator,6,10,Herb Meadow,1911,1995,"writer,producer"
tt36399963,Alice,Alice,1962,30,Western,7.9,76,7,writer,creator,5,27,Herb Meadow,1911,1995,"writer,producer"
tt83033025,Bandit,Bandit,1962,30,Western,7.5,60,7,writer,creator,5,35,Herb Meadow,1911,1995,"writer,producer"
tt43485939,Be Not Forgetful of Strangers,Be Not Forgetful of Strangers,1962,30,Western,8.2,109,5,writer,creator,6,15,Herb Meadow,1911,1995,"writer,producer"
tt67828321,Beau Geste,Beau Geste,1962,30,Western,8.2,72,7,writer,creator,6,5,Herb Meadow,1911,1995,"writer,producer"
tt72962305,Coming of the Tiger,Coming of the Tiger,1962,30,Western,7.6,65,6,writer,creator,5,31,Herb Meadow,1911,1995,"writer,producer"
tt84982290,Cream of the Jest,Cream of the Jest,1962,30,Western,7.1,65,7,writer,creator,5,34,Herb Meadow,1911,1995,"writer,producer"
tt15854863,Darwins Man,Darwins Man,1962,30,Western,7.4,59,6,writer,creator,5,32,Herb Meadow,1911,1995,"writer,producer"
tt63551627,Dont Shoot the Piano Player,Dont Shoot the Piano Player,1962,30,Western,8.1,70,7,writer,creator,5,26,Herb Meadow,1911,1995,"writer,producer"
tt86157362,Dream Girl,Dream Girl,1962,30,Western,7.2,77,5,writer,creator,5,22,Herb Meadow,1911,1995,"writer,producer"
tt17605948,Genesis,Genesis,1962,30,Western,8.3,153,5,writer,creator,6,1,Herb Meadow,1911,1995,"writer,producer"
tt59804579,Hobsons Choice,Hobsons Choice,1962,30,Western,7.6,60,7,writer,creator,5,30,Herb Meadow,1911,1995,"writer,producer"
tt76484855,Invasion,Invasion,1962,30,Western,7.2,50,6,writer,creator,5,33,Herb Meadow,1911,1995,"writer,producer"
tt53928269,Lazarus,Lazarus,1962,30,Western,7.7,67,7,writer,created by,5,17,Herb Meadow,1911,1995,"writer,producer"
tt91000494,The Mark of Cain,The Mark of Cain,1962,30,Western,7.6,66,7,writer,creator,5,19,Herb Meadow,1911,1995,"writer,producer"
tt57801827,Man Who Struck Moonshine,Man Who Struck Moonshine,1962,30,Western,7.6,70,5,writer,creator,5,28,Herb Meadow,1911,1995,"writer,producer"
tt71149877,Man in an Hourglass,Man in an Hourglass,1962,30,Western,7.6,68,8,writer,creator,6,12,Herb Meadow,1911,1995,"writer,producer"
tt44677270,Marshal of Sweetwater,Marshal of Sweetwater,1962,30,Western,7.9,76,7,writer,creator,6,11,Herb Meadow,1911,1995,"writer,producer"
tt74960105,Memories of Monica,Memories of Monica,1962,30,Western,8.0,75,7,writer,creator,6,7,Herb Meadow,1911,1995,"writer,producer"
tt52444733,One Two Three,One Two Three,1962,30,Western,7.2,65,7,writer,creator,5,23,Herb Meadow,1911,1995,"writer,producer"
tt76769157,Pandoras Box,Pandoras Box,1962,30,Western,7.4,69,6,writer,creator,5,36,Herb Meadow,1911,1995,"writer,producer"
tt29102061,Penelope,Penelope,1962,30,Western,7.0,72,7,writer,creator,6,13,Herb Meadow,1911,1995,"writer,producer"
tt42497263,Place for Abel Hix,Place for Abel Hix,1962,30,Western,8.2,71,8,writer,creator,6,4,Herb Meadow,1911,1995,"writer,producer"
tt67848626,Shootout at Hogtooth,Shootout at Hogtooth,1962,30,Western,7.4,61,6,writer,creator,6,9,Herb Meadow,1911,1995,"writer,producer"
tt18401606,Silent Death Secret Death,Silent Death Secret Death,1962,30,Western,7.4,54,7,writer,creator,5,29,Herb Meadow,1911,1995,"writer,producer"
tt68946381,Taylors Woman,Taylors Woman,1962,30,Western,7.8,82,6,writer,creator,6,2,Herb Meadow,1911,1995,"writer,producer"
tt63469531,The Bird of Time,The Bird of Time,1962,30,Western,7.5,60,7,writer,creator,6,6,Herb Meadow,1911,1995,"writer,producer"
tt68947497,The Exiles,The Exiles,1962,30,Western,7.7,61,7,writer,creator,5,20,Herb Meadow,1911,1995,"writer,producer"
tt84111831,The Fifth Bullet,The Fifth Bullet,1962,30,Western,8.4,84,7,writer,creator,6,3,Herb Meadow,1911,1995,"writer,producer"
tt85669616,The Hunt,The Hunt,1962,30,Western,6.6,74,7,writer,creator,5,21,Herb Meadow,1911,1995,"writer,producer"
tt52463273,Jonah and the Trout,Jonah and the Trout,1962,30,Western,7.2,63,8,writer,created by,5,37,Herb Meadow,1911,1995,"writer,producer"
tt34849713,The Knight,The Knight,1962,30,Western,7.5,58,7,writer,created by,5,38,Herb Meadow,1911,1995,"writer,producer"
tt22035840,Justice in Hell,Justice in Hell,1962,30,Western,8.3,73,6,writer,creator,5,18,Herb Meadow,1911,1995,"writer,producer"
tt53350177,The Predators,The Predators,1962,30,Western,8.3,72,7,writer,creator,6,8,Herb Meadow,1911,1995,"writer,producer"
tt86397224,The Trap,The Trap,1962,30,Western,8.0,58,7,writer,creator,5,25,Herb Meadow,1911,1995,"writer,producer"
tt16844514,The Treasure,The Treasure,1962,30,Western,8.2,79,7,writer,written by,6,16,Herb Meadow,1911,1995,"writer,producer"
tt18828186,The Waiting Room,The Waiting Room,1962,30,Western,8.4,76,7,writer,creator,5,24,Herb Meadow,1911,1995,"writer,producer"
tt96613181,Trial at Tablerock,Trial at Tablerock,1962,30,Western,8.3,73,7,writer,creator,6,14,Herb Meadow,1911,1995,"writer,producer"
tt56794914,A Memory of Candy Stripes,A Memory of Candy Stripes,1962,60,Drama,9.0,8,9,cinematographer,director of photography,1,14,Ted Voigtlander,1913,1988,"cinematographer,camera_department"
tt33230153,For the Ladybug One Dozen Roses,For the Ladybug One Dozen Roses,1962,60,Drama,8.6,11,8,cinematographer,director of photography,1,22,Ted Voigtlander,1913,1988,"cinematographer,camera_department"
tt20613062,I Hear America Singing,I Hear America Singing,1962,60,Drama,8.6,9,10,cinematographer,director of photography,2,11,Ted Voigtlander,1913,1988,"cinematographer,camera_department"
tt60524515,In the Name of Love a Small Corruption,In the Name of Love a Small Corruption,1962,60,Drama,7.4,7,10,cinematographer,director of photography,2,3,Ted Voigtlander,1913,1988,"cinematographer,camera_department"
tt58941938,Monument to an Aged Hunter,Monument to an Aged Hunter,1962,60,Drama,7.8,13,9,cinematographer,director of photography,1,24,Ted Voigtlander,1913,1988,"cinematographer,camera_department"
tt76568869,Mrs McBroom and the Cloud Watcher,Mrs McBroom and the Cloud Watcher,1962,60,Drama,8.1,10,10,cinematographer,director of photography,2,1,Ted Voigtlander,1913,1988,"cinematographer,camera_department"
tt41764198,Odyssey of a Proud Suitcase,Odyssey of a Proud Suitcase,1962,60,Drama,9.0,7,8,cinematographer,director of photography,1,20,Ted Voigtlander,1913,1988,"cinematographer,camera_department"
tt62303479,So Oft It Chances in Particular Men,So Oft It Chances in Particular Men,1962,60,Drama,9.0,7,9,cinematographer,director of photography,1,31,Ted Voigtlander,1913,1988,"cinematographer,camera_department"
tt50583380,The Night That Nothing Happened,The Night That Nothing Happened,1962,60,Drama,9.2,8,10,cinematographer,director of photography,2,2,Ted Voigtlander,1913,1988,"cinematographer,camera_department"
tt84355036,To a Grand and Natural Finale,To a Grand and Natural Finale,1962,60,Drama,9.2,6,9,cinematographer,director of photography,1,23,Ted Voigtlander,1913,1988,"cinematographer,camera_department"
tt43482233,Victory Wears a Cruel Smile,Victory Wears a Cruel Smile,1962,60,Drama,9.0,8,8,cinematographer,director of photography,1,19,Ted Voigtlander,1913,1988,"cinematographer,camera_department"
tt83253357,The Heart Is a Handout,The Heart Is a Handout,1962,60,"Crime,Drama,Mystery",7.0,15,7,writer,writer,2,21,Sy Salkowitz,1926,1991,"writer,director,production_manager"
tt72781889,In a Foreign Quarter,In a Foreign Quarter,1962,60,"Crime,Drama,Mystery",5.7,7,7,writer,teleplay,2,27,Sy Salkowitz,1926,1991,"writer,director,production_manager"
tt69359915,Saturday Edition,Saturday Edition,1962,60,"Action,Crime,Drama",8.3,6,6,writer,written by,3,30,Sy Salkowitz,1926,1991,"writer,director,production_manager"
tt45187095,Goodbye Mama Hello Auntie Maud,Goodbye Mama Hello Auntie Maud,1962,60,"Crime,Drama,Thriller",7.9,56,6,writer,teleplay,3,33,Sy Salkowitz,1926,1991,"writer,director,production_manager"
tt86240899,Takeover,Takeover,1962,52,"Action,Crime,Drama",8.3,63,6,writer,teleplay,3,17,Sy Salkowitz,1926,1991,"writer,director,production_manager"
tt51329999,The Monkey Wrench,The Monkey Wrench,1962,52,"Action,Crime,Drama",7.7,49,9,writer,story,3,28,Sy Salkowitz,1926,1991,"writer,director,production_manager"
tt93089062,What Are Friends For,What Are Friends For,1962,60,"Sport,Western",6.6,6,6,writer,written by,1,5,Sy Salkowitz,1926,1991,"writer,director,production_manager"
tt28453684,A Day in June,A Day in June,1962,60,"Action,Drama,War",8.1,133,8,cinematographer,director of photography,1,11,Philip H. Lathrop,1912,1995,"cinematographer,camera_department,actor"
tt66616714,Hannigan,Hannigan,1962,60,Drama,7.8,13,8,cinematographer,director of photography,1,1,Philip H. Lathrop,1912,1995,"cinematographer,camera_department,actor"
tt72799996,The Mountain Girl,The Mountain Girl,1962,60,Western,7.3,113,6,writer,written by,3,33,John Furia,1929,2009,"writer,producer,miscellaneous"
tt63801988,The Quest,The Quest,1962,60,Western,7.3,105,6,writer,written by,4,2,John Furia,1929,2009,"writer,producer,miscellaneous"
tt79241668,Solomons Choice,Solomons Choice,1962,60,Drama,8.4,17,6,writer,teleplay,1,25,John Furia,1929,2009,"writer,producer,miscellaneous"
tt29594994,The Legacy,The Legacy,1962,60,Drama,7.2,10,6,writer,written by,2,11,John Furia,1929,2009,"writer,producer,miscellaneous"
tt99863448,The Search,The Search,1962,60,Drama,8.3,15,6,writer,written by,1,18,John Furia,1929,2009,"writer,producer,miscellaneous"
tt56286914,The Lovely American,The Lovely American,1962,60,"Action,Crime,Drama",6.7,27,8,producer,producer,4,33,Joel Rogosin,1932,2020,"producer,writer,director"
tt39643095,Twice Dead,Twice Dead,1962,60,"Action,Crime,Drama",7.5,31,7,producer,producer,4,24,Joel Rogosin,1932,2020,"producer,writer,director"
tt13426078,Violence for Your Furs,Violence for Your Furs,1962,60,"Action,Crime,Drama",7.9,33,8,producer,producer,4,28,Joel Rogosin,1932,2020,"producer,writer,director"
tt72829830,A Private Eye for Beauty,A Private Eye for Beauty,1962,60,Drama,7.6,8,9,producer,producer,2,35,Joel Rogosin,1932,2020,"producer,writer,director"
tt29813189,Green Bay Riddle,Green Bay Riddle,1962,60,Drama,8.4,8,8,producer,producer,2,31,Joel Rogosin,1932,2020,"producer,writer,director"
tt41272120,Love Song for a Deadly Redhead,Love Song for a Deadly Redhead,1962,60,Drama,8.8,9,7,producer,producer,2,32,Joel Rogosin,1932,2020,"producer,writer,director"
tt28351963,Midnight for Prince Charming,Midnight for Prince Charming,1962,60,Drama,8.8,7,7,producer,producer,2,40,Joel Rogosin,1932,2020,"producer,writer,director"
tt51902276,Portrait of Nicole,Portrait of Nicole,1962,60,Drama,7.4,8,8,producer,producer,2,27,Joel Rogosin,1932,2020,"producer,writer,director"
tt71443707,The Money Game,The Money Game,1962,60,Drama,8.0,11,8,producer,producer,2,29,Joel Rogosin,1932,2020,"producer,writer,director"
tt72287549,The Quarterback,The Quarterback,1962,60,Drama,8.8,8,7,producer,producer,2,16,Joel Rogosin,1932,2020,"producer,writer,director"
tt68042633,The Surfside Swindle,The Surfside Swindle,1962,60,Drama,7.5,9,7,producer,producer,2,20,Joel Rogosin,1932,2020,"producer,writer,director"
tt36190515,Vendetta Arms,Vendetta Arms,1962,60,Drama,8.8,9,7,producer,producer,2,25,Joel Rogosin,1932,2020,"producer,writer,director"
tt31759470,Irish Pride,Irish Pride,1962,60,Drama,8.6,9,6,writer,writer,2,30,Ed Waters,1930,2004,"writer,producer,miscellaneous"
tt55932409,My Brother the Doctor,My Brother the Doctor,1962,60,Drama,7.9,15,6,writer,story,1,15,Bruce Geller,1930,1978,"writer,producer,soundtrack"
tt75696077,My Native Land,My Native Land,1962,60,Drama,7.0,8,7,writer,story,1,24,Bruce Geller,1930,1978,"writer,producer,soundtrack"
tt35741644,Molly Pitcher and the Green Eyed Monster,Molly Pitcher and the Green Eyed Monster,1962,30,"Comedy,Drama,Romance",9.8,7,7,writer,story,1,3,James Menzies,1926,2008,"miscellaneous,writer"
tt43866586,Afternoon of a Nymph,Afternoon of a Nymph,1962,58,Drama,6.6,22,6,writer,writer,4,60,Robert Muller,1925,1998,"writer,actor"
tt32462959,The Vintage Years,The Vintage Years,1962,30,Western,8.3,17,6,writer,story,11,11,Tom Gries,1922,1977,"director,writer,producer"
tt18881459,Flying Zodiac,Flying Zodiac,1962,26,"Animation,Family,Sci-Fi",7.3,17,6,writer,creator,1,9,Gerry Anderson,1929,2012,"writer,producer,director"
tt86007376,Plant Man from Space,Plant Man from Space,1962,24,"Animation,Family,Sci-Fi",7.9,19,6,writer,creator,1,4,Gerry Anderson,1929,2012,"writer,producer,director"
tt79484126,Space Immigrants,Space Immigrants,1962,25,"Animation,Family,Sci-Fi",7.3,27,6,writer,creator,1,3,Gerry Anderson,1929,2012,"writer,producer,director"
tt66583205,Space Pirates,Space Pirates,1962,25,"Animation,Family,Sci-Fi",7.6,16,6,writer,creator,1,8,Gerry Anderson,1929,2012,"writer,producer,director"
tt57682634,Spy in Space,Spy in Space,1962,25,"Animation,Family,Sci-Fi",7.8,17,6,writer,creator,1,5,Gerry Anderson,1929,2012,"writer,producer,director"
tt98532761,The Doomed Planet,The Doomed Planet,1962,25,"Animation,Family,Sci-Fi",7.5,28,6,writer,creator,1,2,Gerry Anderson,1929,2012,"writer,producer,director"
tt10615482,The Sun Temple,The Sun Temple,1962,26,"Animation,Family,Sci-Fi",7.5,19,6,writer,creator,1,6,Gerry Anderson,1929,2012,"writer,producer,director"
tt57928757,XL5 to H20,XL5 to H20,1962,25,"Animation,Family,Sci-Fi",7.9,19,6,writer,creator,1,7,Gerry Anderson,1929,2012,"writer,producer,director"
tt73939350,Space Pen,Space Pen,1962,26,"Animation,Family,Sci-Fi",7.3,17,6,writer,creator,1,10,Gerry Anderson,1929,2012,"writer,producer,director"
tt57832320,The Runaway Train,The Runaway Train,1962,25,"Animation,Family,Sci-Fi",8.4,10,6,writer,story by,2,1,Gerry Anderson,1929,2012,"writer,producer,director"
tt95134503,Calling Charlie Queen,Calling Charlie Queen,1962,26,"Animation,Family,Sci-Fi",8.8,10,6,writer,story by,2,5,Gerry Anderson,1929,2012,"writer,producer,director"
tt95573932,The Horn of Plenty,The Horn of Plenty,1962,60,Drama,6.8,17,8,cinematographer,director of photography,1,28,Jack Swain,1922,1987,"cinematographer,camera_department,miscellaneous"
tt54739967,A Womans Place,A Womans Place,1962,51,Western,8.2,80,9,cinematographer,director of photography,4,25,Jack Swain,1922,1987,"cinematographer,camera_department,miscellaneous"
tt58597338,The Deserters Patrol,The Deserters Patrol,1962,51,Western,8.0,72,9,cinematographer,director of photography,4,18,Jack Swain,1922,1987,"cinematographer,camera_department,miscellaneous"
tt69887469,Gold Fever,Gold Fever,1962,51,Western,7.6,79,10,cinematographer,director of photography,4,28,Jack Swain,1922,1987,"cinematographer,camera_department,miscellaneous"
tt74984538,Grandmas Money,Grandmas Money,1962,51,Western,7.6,71,10,cinematographer,director of photography,4,20,Jack Swain,1922,1987,"cinematographer,camera_department,miscellaneous"
tt52258023,Incident at Cactus Wells,Incident at Cactus Wells,1962,60,Western,8.1,74,9,cinematographer,director of photography,5,4,Jack Swain,1922,1987,"cinematographer,camera_department,miscellaneous"
tt32685052,Incident at Quivira,Incident at Quivira,1962,60,Western,7.9,67,9,cinematographer,director of photography,5,13,Jack Swain,1922,1987,"cinematographer,camera_department,miscellaneous"
tt17928158,Incident at Sugar Creek,Incident at Sugar Creek,1962,60,Western,8.0,81,9,cinematographer,director of photography,5,10,Jack Swain,1922,1987,"cinematographer,camera_department,miscellaneous"
tt15198738,Incident of the Dogfaces,Incident of the Dogfaces,1962,60,Western,8.2,74,9,cinematographer,director of photography,5,8,Jack Swain,1922,1987,"cinematographer,camera_department,miscellaneous"
tt23438614,Incident of the Hunter,Incident of the Hunter,1962,60,Western,8.1,75,10,cinematographer,director of photography,5,2,Jack Swain,1922,1987,"cinematographer,camera_department,miscellaneous"
tt40916377,Incident of the Lost Woman,Incident of the Lost Woman,1962,60,Western,7.7,69,9,cinematographer,director of photography,5,7,Jack Swain,1922,1987,"cinematographer,camera_department,miscellaneous"
tt81051783,Incident of the Portrait,Incident of the Portrait,1962,60,Western,8.6,88,10,cinematographer,director of photography,5,3,Jack Swain,1922,1987,"cinematographer,camera_department,miscellaneous"
tt68738178,Incident of the Prodigal Son,Incident of the Prodigal Son,1962,60,Western,7.8,73,9,cinematographer,director of photography,5,5,Jack Swain,1922,1987,"cinematographer,camera_department,miscellaneous"
tt28567247,Incident of the Querencias,Incident of the Querencias,1962,60,Western,7.2,60,9,cinematographer,director of photography,5,12,Jack Swain,1922,1987,"cinematographer,camera_department,miscellaneous"
tt68451162,Incident of the Reluctant Bridegroom,Incident of the Reluctant Bridegroom,1962,60,Western,8.2,79,10,cinematographer,director of photography,5,11,Jack Swain,1922,1987,"cinematographer,camera_department,miscellaneous"
tt61648872,Incident of the Wolvers,Incident of the Wolvers,1962,60,Western,7.6,73,9,cinematographer,director of photography,5,9,Jack Swain,1922,1987,"cinematographer,camera_department,miscellaneous"
tt16596252,The Bosss Daughters,The Bosss Daughters,1962,51,Western,8.3,85,9,cinematographer,director of photography,4,17,Jack Swain,1922,1987,"cinematographer,camera_department,miscellaneous"
tt49307363,The Captains Wife,The Captains Wife,1962,50,Western,7.9,95,9,cinematographer,director of photography,4,14,Jack Swain,1922,1987,"cinematographer,camera_department,miscellaneous"
tt56072492,The ChildWoman,The ChildWoman,1962,51,Western,7.7,70,10,cinematographer,director of photography,4,24,Jack Swain,1922,1987,"cinematographer,camera_department,miscellaneous"
tt90399214,The Devil and the Deep Blue,The Devil and the Deep Blue,1962,51,Western,8.2,67,9,cinematographer,director of photography,4,29,Jack Swain,1922,1987,"cinematographer,camera_department,miscellaneous"
tt95455679,Hostage Child,Hostage Child,1962,51,Western,8.1,77,9,cinematographer,director of photography,4,22,Jack Swain,1922,1987,"cinematographer,camera_department,miscellaneous"
tt39785606,House of the Hunter,House of the Hunter,1962,51,Western,7.7,83,9,cinematographer,director of photography,4,27,Jack Swain,1922,1987,"cinematographer,camera_department,miscellaneous"
tt53683516,The Immigrants,The Immigrants,1962,51,Western,7.2,66,9,cinematographer,director of photography,4,23,Jack Swain,1922,1987,"cinematographer,camera_department,miscellaneous"
tt52176802,The Pitchwagon,The Pitchwagon,1962,51,Western,7.8,79,10,cinematographer,director of photography,4,21,Jack Swain,1922,1987,"cinematographer,camera_department,miscellaneous"
tt98998601,Reunion,Reunion,1962,51,Western,7.9,69,9,cinematographer,director of photography,4,26,Jack Swain,1922,1987,"cinematographer,camera_department,miscellaneous"
tt48860472,The Fugitive,The Fugitive,1962,25,"Drama,Fantasy,Horror",7.5,2167,10,cinematographer,director of photography,3,25,Jack Swain,1922,1987,"cinematographer,camera_department,miscellaneous"
tt11494382,The Last Rites of Jeff Myrtlebank,The Last Rites of Jeff Myrtlebank,1962,25,"Drama,Fantasy,Horror",7.1,2065,9,cinematographer,director of photography,3,23,Jack Swain,1922,1987,"cinematographer,camera_department,miscellaneous"
tt16381441,Beyond Justice,Beyond Justice,1962,60,Western,7.9,58,7,writer,writer,4,9,Michael Gleason,1938,2016,"writer,producer,miscellaneous"
tt95038394,Incident of the Portrait,Incident of the Portrait,1962,60,Western,8.6,88,7,writer,writer,5,3,Michael Gleason,1938,2016,"writer,producer,miscellaneous"
tt34165768,The Naked Heiress,The Naked Heiress,1962,60,"Crime,Drama",8.2,16,6,writer,written by,1,28,Alvin Boretz,1919,2010,"writer,miscellaneous,script_department"
tt72226083,The Witch Doctor,The Witch Doctor,1962,60,Drama,7.7,18,6,writer,written by,1,23,Alvin Boretz,1919,2010,"writer,miscellaneous,script_department"
tt35687489,A Purple Heart for Gruber,A Purple Heart for Gruber,1962,30,"Comedy,War",6.7,70,7,producer,producer,1,2,Edward Montagne,1912,2003,"producer,production_manager,director"
tt14114067,McHale and His Seven Cupids,McHale and His Seven Cupids,1962,30,"Comedy,War",7.0,64,8,producer,producer,1,3,Edward Montagne,1912,2003,"producer,production_manager,director"
tt77128546,McHales Paradise Hotel,McHales Paradise Hotel,1962,30,"Comedy,War",7.3,52,7,producer,producer,1,9,Edward Montagne,1912,2003,"producer,production_manager,director"
tt21934485,The Battle of McHales Island,The Battle of McHales Island,1962,30,"Comedy,War",7.3,51,7,producer,producer,1,10,Edward Montagne,1912,2003,"producer,production_manager,director"
tt73053445,The Day They Captured Santa,The Day They Captured Santa,1962,30,"Comedy,War",7.7,57,8,producer,producer,1,11,Edward Montagne,1912,2003,"producer,production_manager,director"
tt57248672,Three Girls on an Island,Three Girls on an Island,1962,26,"Comedy,War",7.4,56,8,producer,producer,1,8,Edward Montagne,1912,2003,"producer,production_manager,director"
tt92557782,Killers Choice,Killers Choice,1962,60,"Crime,Drama",8.7,24,6,writer,teleplay,1,23,Luther Davis,1916,2008,"writer,producer"
tt30215187,Hawaiian Escapade,Hawaiian Escapade,1962,30,"Adventure,Animation,Comedy",7.4,164,7,writer,written by,3,10,Joanna Lee,1931,2003,"writer,producer,miscellaneous"
tt55851974,Heres Snow in Your Eyes,Heres Snow in Your Eyes,1962,30,"Adventure,Animation,Comedy",7.3,162,7,writer,written by,3,6,Joanna Lee,1931,2003,"writer,producer,miscellaneous"
tt50621857,The Twitch,The Twitch,1962,30,"Adventure,Animation,Comedy",7.6,174,7,writer,written by,3,5,Joanna Lee,1931,2003,"writer,producer,miscellaneous"
tt85180492,Chips Last Fight,Chips Last Fight,1962,30,"Comedy,Family",5.9,42,6,writer,written by,3,9,Joanna Lee,1931,2003,"writer,producer,miscellaneous"
tt11852044,Chip Leaves Home,Chip Leaves Home,1962,30,"Comedy,Family",6.8,42,6,writer,written by,2,14,Joanna Lee,1931,2003,"writer,producer,miscellaneous"
tt94992186,A Time to Run,A Time to Run,1962,30,Western,7.6,9,6,writer,written by,2,31,Paul King,1926,1996,"writer,producer,miscellaneous"
tt59316603,A Day to Kill,A Day to Kill,1962,30,Western,6.8,11,6,writer,written by,2,24,Paul King,1926,1996,"writer,producer,miscellaneous"
tt49065214,Rio Doloroso,Rio Doloroso,1962,30,Western,6.8,13,7,writer,written by,2,23,Paul King,1926,1996,"writer,producer,miscellaneous"
tt65271961,The Hunt,The Hunt,1962,30,Western,6.9,10,6,writer,written by,2,21,Paul King,1926,1996,"writer,producer,miscellaneous"
tt65038514,Trial by Fury,Trial by Fury,1962,30,Western,7.5,10,6,writer,written by,2,32,Paul King,1926,1996,"writer,producer,miscellaneous"
tt54390118,One for the Road,One for the Road,1962,60,Drama,7.0,6,6,writer,writer,1,16,Paul King,1926,1996,"writer,producer,miscellaneous"
tt21128882,Any Second Now,Any Second Now,1962,48,"Action,Drama,War",7.8,130,7,producer,producer,1,4,Robert Blees,1918,2015,"writer,producer,miscellaneous"
tt32126257,Escape to Nowhere,Escape to Nowhere,1962,60,"Action,Drama,War",8.5,125,7,producer,producer,1,7,Robert Blees,1918,2015,"writer,producer,miscellaneous"
tt92526334,Far from the Brave,Far from the Brave,1962,60,"Action,Drama,War",8.2,111,6,producer,producer,1,5,Robert Blees,1918,2015,"writer,producer,miscellaneous"
tt29955367,Forgotten Front,Forgotten Front,1962,60,"Action,Drama,War",8.1,170,8,producer,producer,1,1,Robert Blees,1918,2015,"writer,producer,miscellaneous"
tt67409251,Lost Sheep Lost Shepherd,Lost Sheep Lost Shepherd,1962,60,"Action,Drama,War",7.7,129,7,producer,producer,1,3,Robert Blees,1918,2015,"writer,producer,miscellaneous"
tt25769774,Rear Echelon Commandos,Rear Echelon Commandos,1962,47,"Action,Drama,War",8.2,135,8,producer,producer,1,2,Robert Blees,1918,2015,"writer,producer,miscellaneous"
tt37680530,The Prisoner,The Prisoner,1962,60,"Action,Drama,War",8.2,122,8,producer,producer,1,12,Robert Blees,1918,2015,"writer,producer,miscellaneous"
tt54942162,The Idol,The Idol,1962,60,Western,8.4,66,6,writer,writer,6,11,Fred Freiberger,1915,2003,"writer,producer,miscellaneous"
tt18429475,Bad Blood,Bad Blood,1962,60,Western,8.4,54,6,writer,writer,4,10,Fred Freiberger,1915,2003,"writer,producer,miscellaneous"
tt56851582,Incident at Sugar Creek,Incident at Sugar Creek,1962,60,Western,8.0,81,6,writer,writer,5,10,Fred Freiberger,1915,2003,"writer,producer,miscellaneous"
tt74412671,The Case of the Absent Artist,The Case of the Absent Artist,1962,60,"Crime,Drama,Mystery",8.3,257,8,producer,producer,5,23,Art Seid,1914,2001,"editorial_department,editor,producer"
tt79598929,The Case of the Ancient Romeo,The Case of the Ancient Romeo,1962,60,"Crime,Drama,Mystery",7.9,237,8,producer,producer,5,28,Art Seid,1914,2001,"editorial_department,editor,producer"
tt55653969,The Case of the Bogus Books,The Case of the Bogus Books,1962,60,"Crime,Drama,Mystery",8.3,272,8,producer,producer,6,1,Art Seid,1914,2001,"editorial_department,editor,producer"
tt60070508,The Case of the Borrowed Baby,The Case of the Borrowed Baby,1962,60,"Crime,Drama,Mystery",8.2,233,8,producer,producer,5,26,Art Seid,1914,2001,"editorial_department,editor,producer"
tt92289614,The Case of the Capricious Corpse,The Case of the Capricious Corpse,1962,60,"Crime,Drama,Mystery",7.9,240,8,producer,producer,6,2,Art Seid,1914,2001,"editorial_department,editor,producer"
tt48729072,The Case of the Captains Coins,The Case of the Captains Coins,1962,60,"Crime,Drama,Mystery",7.8,231,8,producer,producer,5,17,Art Seid,1914,2001,"editorial_department,editor,producer"
tt80620660,The Case of the Counterfeit Crank,The Case of the Counterfeit Crank,1962,60,"Crime,Drama,Mystery",8.2,237,8,producer,producer,5,27,Art Seid,1914,2001,"editorial_department,editor,producer"
tt73882628,The Case of the Dodging Domino,The Case of the Dodging Domino,1962,60,"Crime,Drama,Mystery",7.8,267,8,producer,producer,6,6,Art Seid,1914,2001,"editorial_department,editor,producer"
tt52294371,The Case of the Fickle Filly,The Case of the Fickle Filly,1962,60,"Crime,Drama,Mystery",8.0,225,9,producer,producer,6,11,Art Seid,1914,2001,"editorial_department,editor,producer"
tt43607675,The Case of the Glamorous Ghost,The Case of the Glamorous Ghost,1962,60,"Crime,Drama,Mystery",8.5,263,8,producer,producer,5,19,Art Seid,1914,2001,"editorial_department,editor,producer"
tt61275506,The Case of the Hateful Hero,The Case of the Hateful Hero,1962,60,"Crime,Drama,Mystery",8.2,246,8,producer,producer,6,5,Art Seid,1914,2001,"editorial_department,editor,producer"
tt49879855,The Case of the Lonely Eloper,The Case of the Lonely Eloper,1962,60,"Crime,Drama,Mystery",7.9,251,8,producer,producer,5,30,Art Seid,1914,2001,"editorial_department,editor,producer"
tt50480462,The Case of the Lurid Letter,The Case of the Lurid Letter,1962,60,"Crime,Drama,Mystery",8.4,271,9,producer,producer,6,10,Art Seid,1914,2001,"editorial_department,editor,producer"
tt89264995,The Case of the Melancholy Marksman,The Case of the Melancholy Marksman,1962,60,"Crime,Drama,Mystery",7.5,203,8,producer,producer,5,24,Art Seid,1914,2001,"editorial_department,editor,producer"
tt89558186,The Case of the Mystified Miner,The Case of the Mystified Miner,1962,60,"Crime,Drama,Mystery",8.5,229,8,producer,producer,5,21,Art Seid,1914,2001,"editorial_department,editor,producer"
tt29811274,The Case of the Playboy Pugilist,The Case of the Playboy Pugilist,1962,60,"Crime,Drama,Mystery",7.5,237,8,producer,producer,6,3,Art Seid,1914,2001,"editorial_department,editor,producer"
tt71994208,The Case of the Poison PenPal,The Case of the Poison PenPal,1962,52,"Crime,Drama,Mystery",8.0,243,8,producer,producer,5,20,Art Seid,1914,2001,"editorial_department,editor,producer"
tt46537436,The Case of the Promoters Pillbox,The Case of the Promoters Pillbox,1962,60,"Crime,Drama,Mystery",8.2,219,8,producer,producer,5,29,Art Seid,1914,2001,"editorial_department,editor,producer"
tt12912314,The Case of the Shapely Shadow,The Case of the Shapely Shadow,1962,60,"Crime,Drama,Mystery",8.8,270,8,producer,producer,5,16,Art Seid,1914,2001,"editorial_department,editor,producer"
tt42188288,The Case of the Weary Watchdog,The Case of the Weary Watchdog,1962,60,"Crime,Drama,Mystery",8.8,297,8,producer,producer,6,9,Art Seid,1914,2001,"editorial_department,editor,producer"
tt82530820,The Girls Next Door,The Girls Next Door,1962,30,"Comedy,Family",6.5,45,6,writer,written by,2,18,Howard Leeds,1919,2017,"writer,producer,music_department"
tt99824453,Chips Party,Chips Party,1962,30,"Comedy,Family",6.1,38,6,writer,written by,2,25,Howard Leeds,1919,2017,"writer,producer,music_department"
tt98640094,The Pencil Pusher,The Pencil Pusher,1962,30,"Comedy,Family",7.4,46,6,writer,written by,2,27,Howard Leeds,1919,2017,"writer,producer,music_department"
tt85119120,Feel of the Trigger,Feel of the Trigger,1962,60,"Crime,Drama",7.2,8,8,writer,story,1,22,Donald E. Westlake,1933,2008,"writer,actor"
tt43598464,A Man Called Ragan,A Man Called Ragan,1962,60,Western,8.4,22,6,writer,teleplay,6,14,Anthony Spinner,1930,2020,"producer,writer,miscellaneous"
tt25656798,Cort,Cort,1962,30,Western,7.3,27,6,writer,writer,4,33,Anthony Spinner,1930,2020,"producer,writer,miscellaneous"
tt34817936,The Holdout,The Holdout,1962,30,Western,7.9,27,7,writer,teleplay,4,23,Anthony Spinner,1930,2020,"producer,writer,miscellaneous"
tt10014235,A Man Called Ragan,A Man Called Ragan,1962,60,Western,7.2,12,7,writer,teleplay,1,0,Anthony Spinner,1930,2020,"producer,writer,miscellaneous"
tt44876045,Cry a Little for Mary Too,Cry a Little for Mary Too,1962,60,Drama,8.2,7,7,writer,written by,1,9,Sheldon Stark,1909,1997,writer
tt20463737,Mountain Man,Mountain Man,1962,30,Western,8.1,28,6,writer,writer,4,28,Sheldon Stark,1909,1997,writer
tt95123564,The Jail,The Jail,1962,60,Drama,6.9,22,6,writer,written by,1,13,Ray Bradbury,1920,2012,"writer,producer,actor"
tt30984805,The Faith of Aaron Menefee,The Faith of Aaron Menefee,1962,30,"Comedy,Crime,Drama",6.9,305,6,writer,teleplay,7,17,Ray Bradbury,1920,2012,"writer,producer,actor"
tt55169364,I Sing the Body Electric,I Sing the Body Electric,1962,25,"Drama,Fantasy,Horror",7.1,2196,7,writer,written by,3,35,Ray Bradbury,1920,2012,"writer,producer,actor"
tt62961050,Mrs Stone and Dr Hyde,Mrs Stone and Dr Hyde,1962,30,"Comedy,Family",7.4,20,6,writer,written by,5,2,Barbara Avedon,1930,1994,"writer,miscellaneous"
tt96384405,My Dad,My Dad,1962,30,"Comedy,Family",8.6,32,6,writer,written by,5,6,Barbara Avedon,1930,1994,"writer,miscellaneous"
tt96872674,Rebel with a Cause,Rebel with a Cause,1962,30,"Comedy,Family",7.8,21,6,writer,written by,5,8,Barbara Avedon,1930,1994,"writer,miscellaneous"
tt96398437,Donnas Prima Donna,Donnas Prima Donna,1962,30,"Comedy,Family",8.7,37,6,writer,written by,4,20,Barbara Avedon,1930,1994,"writer,miscellaneous"
tt48444015,Big Star,Big Star,1962,30,"Comedy,Family",6.8,24,6,writer,written by,5,9,Barbara Avedon,1930,1994,"writer,miscellaneous"
tt71197811,Jeff Stands Alone,Jeff Stands Alone,1962,30,"Comedy,Family",8.2,24,6,writer,written by,5,15,Barbara Avedon,1930,1994,"writer,miscellaneous"
tt38713686,Dead on Course,Dead on Course,1962,52,"Action,Comedy,Crime",7.1,115,8,production_designer,designer,2,14,Robert Fuest,1927,2012,"director,production_designer,writer"
tt54511450,Hercule Poirot,Hercule Poirot,1962,30,"Comedy,Drama",8.0,10,6,writer,"story ""The Disappearance of Mr. Davenheim""",10,27,Agatha Christie,1890,1976,"writer,camera_department"
tt58769576,A Bird in the Head Hurts,A Bird in the Head Hurts,1962,30,"Comedy,Family",7.4,211,6,writer,written by,2,11,Carl Reiner,1922,2020,"writer,producer,actor"
tt25816984,A Word a Day,A Word a Day,1962,30,"Comedy,Family",7.3,214,7,writer,created by,1,20,Carl Reiner,1922,2020,"writer,producer,actor"
tt32871902,Father of the Week,Father of the Week,1962,30,"Comedy,Family",7.6,222,8,writer,created by,1,22,Carl Reiner,1922,2020,"writer,producer,actor"
tt52344328,Gesundheit Darling,Gesundheit Darling,1962,30,"Comedy,Family",7.6,210,6,writer,written by,2,12,Carl Reiner,1922,2020,"writer,producer,actor"
tt45466092,Hustling the Hustler,Hustling the Hustler,1962,30,"Comedy,Family",7.4,247,6,writer,written by,2,5,Carl Reiner,1922,2020,"writer,producer,actor"
tt85526479,I Am My Brothers Keeper,I Am My Brothers Keeper,1962,30,"Comedy,Family",7.5,227,6,writer,written by,1,26,Carl Reiner,1922,2020,"writer,producer,actor"
tt19079322,Like a Sister,Like a Sister,1962,30,"Comedy,Family",7.2,209,6,writer,written by,2,8,Carl Reiner,1922,2020,"writer,producer,actor"
tt48276109,My Husband Is Not a Drunk,My Husband Is Not a Drunk,1962,30,"Comedy,Family",8.3,288,6,writer,written by,2,6,Carl Reiner,1922,2020,"writer,producer,actor"
tt31412060,Never Name a Duck,Never Name a Duck,1962,30,"Comedy,Family",7.3,236,6,writer,written by,2,1,Carl Reiner,1922,2020,"writer,producer,actor"
tt69225547,One Angry Man,One Angry Man,1962,30,"Comedy,Family",8.1,251,8,writer,created by,1,24,Carl Reiner,1922,2020,"writer,producer,actor"
tt77069605,Punch Thy Neighbor,Punch Thy Neighbor,1962,30,"Comedy,Family",7.6,243,6,writer,written by,1,17,Carl Reiner,1922,2020,"writer,producer,actor"
tt22123344,Sol and the Sponsor,Sol and the Sponsor,1962,30,"Comedy,Family",7.7,238,7,writer,created by,1,29,Carl Reiner,1922,2020,"writer,producer,actor"
tt21927338,Somebody Has to Play Cleopatra,Somebody Has to Play Cleopatra,1962,30,"Comedy,Family",7.9,270,7,writer,created by,2,14,Carl Reiner,1922,2020,"writer,producer,actor"
tt77849610,The Attempted Marriage,The Attempted Marriage,1962,30,"Comedy,Family",7.8,240,6,writer,written by,2,3,Carl Reiner,1922,2020,"writer,producer,actor"
tt27031049,The Curious Thing About Women,The Curious Thing About Women,1962,30,"Comedy,Family",8.9,364,7,writer,created by,1,16,Carl Reiner,1922,2020,"writer,producer,actor"
tt61389430,The Night the Roof Fell In,The Night the Roof Fell In,1962,30,"Comedy,Family",7.8,222,7,writer,created by,2,9,Carl Reiner,1922,2020,"writer,producer,actor"
tt42785392,The Return of Happy Spangler,The Return of Happy Spangler,1962,30,"Comedy,Family",7.2,212,6,writer,written by,1,30,Carl Reiner,1922,2020,"writer,producer,actor"
tt73839566,The Secret Life of Buddy and Sally,The Secret Life of Buddy and Sally,1962,30,"Comedy,Family",7.3,210,7,writer,created by,2,10,Carl Reiner,1922,2020,"writer,producer,actor"
tt72070130,The Sleeping Brother,The Sleeping Brother,1962,30,"Comedy,Family",7.6,230,6,writer,written by,1,27,Carl Reiner,1922,2020,"writer,producer,actor"
tt92281668,The Talented Neighborhood,The Talented Neighborhood,1962,30,"Comedy,Family",7.4,227,6,writer,written by,1,19,Carl Reiner,1922,2020,"writer,producer,actor"
tt20380335,The Twizzle,The Twizzle,1962,30,"Comedy,Family",6.5,292,6,writer,written by,1,23,Carl Reiner,1922,2020,"writer,producer,actor"
tt10713123,Whats in a Middle Name,Whats in a Middle Name,1962,30,"Comedy,Family",7.9,242,6,writer,written by,2,7,Carl Reiner,1922,2020,"writer,producer,actor"
tt92756692,Where Did I Come From,Where Did I Come From,1962,30,"Comedy,Family",8.6,320,6,writer,written by,1,15,Carl Reiner,1922,2020,"writer,producer,actor"
tt29921327,Where You Been Fassbinder,Where You Been Fassbinder,1962,30,"Comedy,Family",7.2,217,7,writer,created by,1,25,Carl Reiner,1922,2020,"writer,producer,actor"
tt66309366,Who Owes Who What,Who Owes Who What,1962,30,"Comedy,Family",7.8,237,6,writer,written by,1,18,Carl Reiner,1922,2020,"writer,producer,actor"
tt24290496,A Mans Teeth Are Not His Own,A Mans Teeth Are Not His Own,1962,30,"Comedy,Family",7.2,210,6,writer,written by,2,13,Carl Reiner,1922,2020,"writer,producer,actor"
tt99088512,Bank Book 6565696,Bank Book 6565696,1962,30,"Comedy,Family",7.5,217,8,writer,created by,2,4,Carl Reiner,1922,2020,"writer,producer,actor"
tt63253089,The Bad Old Days,The Bad Old Days,1962,30,"Comedy,Family",6.4,229,8,writer,created by,1,28,Carl Reiner,1922,2020,"writer,producer,actor"
tt54232182,The Boarder Incident,The Boarder Incident,1962,30,"Comedy,Family",6.9,222,8,writer,created by,1,21,Carl Reiner,1922,2020,"writer,producer,actor"
tt25727463,The Two Faces of Rob,The Two Faces of Rob,1962,30,"Comedy,Family",8.4,250,8,writer,created by,2,2,Carl Reiner,1922,2020,"writer,producer,actor"
tt33304586,Pretzel Mary,Pretzel Mary,1962,26,Comedy,7.5,54,7,writer,teleplay,2,12,Art Baer,1925,2006,"writer,producer,script_department"
tt28314810,I Hate Captain Block,I Hate Captain Block,1962,26,Comedy,8.2,75,7,writer,written by,2,10,Ben Joelson,1925,1996,"writer,producer,script_department"
tt77996593,Je TAdore Muldoon,Je TAdore Muldoon,1962,26,Comedy,7.8,53,7,writer,written by,2,15,Ben Joelson,1925,1996,"writer,producer,script_department"
tt59388895,Toody  Muldoon Sing Along with Mitch,Toody  Muldoon Sing Along with Mitch,1962,26,Comedy,7.6,55,7,writer,written by,2,5,Ben Joelson,1925,1996,"writer,producer,script_department"
tt50099600,Main Event,Main Event,1962,60,"Crime,Drama",7.0,10,6,writer,writer,1,15,William Jerome Fay,1909,1968,writer
tt91879972,Ten OClock Tiger,Ten OClock Tiger,1962,30,"Comedy,Crime,Drama",6.4,318,6,writer,story,7,26,William Jerome Fay,1909,1968,writer
tt96002952,The Crooked Angel,The Crooked Angel,1962,60,"Drama,Family",7.4,8,6,writer,writer,1,2,William Jerome Fay,1909,1968,writer
tt44865882,Final Vow,Final Vow,1962,49,"Crime,Drama,Horror",7.3,395,6,writer,story and teleplay,1,6,Henry Slesar,1927,2002,writer
tt22745109,House Guest,House Guest,1962,48,"Crime,Drama,Horror",7.5,417,7,writer,teleplay,1,8,Henry Slesar,1927,2002,writer
tt29524658,I Saw the Whole Thing,I Saw the Whole Thing,1962,60,"Crime,Drama,Horror",7.5,569,6,writer,teleplay,1,4,Henry Slesar,1927,2002,writer
tt49640319,Burglar Proof,Burglar Proof,1962,30,"Comedy,Crime,Drama",7.6,328,6,writer,teleplay by,7,21,Henry Slesar,1927,2002,writer
tt80216454,First Class Honeymoon,First Class Honeymoon,1962,30,"Comedy,Crime,Drama",6.3,283,6,writer,story,7,36,Henry Slesar,1927,2002,writer
tt36479376,Most Likely to Succeed,Most Likely to Succeed,1962,30,"Comedy,Crime,Drama",7.7,376,6,writer,teleplay by,7,31,Henry Slesar,1927,2002,writer
tt50410556,The Case of MJH,The Case of MJH,1962,30,"Comedy,Crime,Drama",7.4,321,6,writer,teleplay by,7,16,Henry Slesar,1927,2002,writer
tt62725875,The Kerry Blue,The Kerry Blue,1962,30,"Comedy,Crime,Drama",7.1,321,6,writer,story,7,28,Henry Slesar,1927,2002,writer
tt10136681,The Last Remains,The Last Remains,1962,30,"Comedy,Crime,Drama",7.2,310,6,writer,teleplay by,7,25,Henry Slesar,1927,2002,writer
tt85987336,The Matched Pearl,The Matched Pearl,1962,30,"Comedy,Crime,Drama",7.6,347,6,writer,story,7,29,Henry Slesar,1927,2002,writer
tt89038632,The Opportunity,The Opportunity,1962,30,"Comedy,Crime,Drama",7.7,373,7,writer,teleplay by,7,33,Henry Slesar,1927,2002,writer
tt75546948,The Test,The Test,1962,30,"Comedy,Crime,Drama",7.1,308,6,writer,teleplay by,7,20,Henry Slesar,1927,2002,writer
tt14772275,Crazy Sunday,Crazy Sunday,1962,60,"Comedy,Drama",7.3,13,7,writer,story,2,12,F. Scott Fitzgerald,1896,1940,writer
tt89187920,A Miracle for St Francis,A Miracle for St Francis,1962,30,Western,7.6,67,6,writer,writer,6,10,Don Ingalls,1918,2014,"producer,writer,miscellaneous"
tt92500570,Memories of Monica,Memories of Monica,1962,30,Western,8.0,75,6,writer,writer,6,7,Don Ingalls,1918,2014,"producer,writer,miscellaneous"
tt48267569,Place for Abel Hix,Place for Abel Hix,1962,30,Western,8.2,71,6,writer,writer,6,4,Don Ingalls,1918,2014,"producer,writer,miscellaneous"
tt69963474,The Bird of Time,The Bird of Time,1962,30,Western,7.5,60,6,writer,writer,6,6,Don Ingalls,1918,2014,"producer,writer,miscellaneous"
tt90320985,Death in a Village,Death in a Village,1962,60,"Comedy,Drama",5.8,11,6,writer,teleplay,1,15,Christopher Knopf,1927,2019,"writer,producer,actor"
tt78758106,El Medico,El Medico,1962,30,Drama,6.6,10,9,writer,written by,1,2,Christopher Knopf,1927,2019,"writer,producer,actor"
tt34514593,Journey Into Mourning,Journey Into Mourning,1962,60,Drama,7.3,7,6,writer,writer,1,27,Christopher Knopf,1927,2019,"writer,producer,actor"
tt18321564,Killers Choice,Killers Choice,1962,60,"Crime,Drama",8.7,24,7,writer,teleplay,1,23,Richard Collins,1914,2013,"producer,writer"
tt73501255,A Bullet for Katie,A Bullet for Katie,1962,60,"Crime,Drama",7.9,11,7,writer,teleplay,1,20,Richard Collins,1914,2013,"producer,writer"
tt24077059,Girl in the Case,Girl in the Case,1962,60,"Crime,Drama",8.0,8,6,writer,writer,1,30,Richard Collins,1914,2013,"producer,writer"
tt84865686,Wanted for the Murder of Cheyenne Bodie,Wanted for the Murder of Cheyenne Bodie,1962,60,Western,8.5,66,6,writer,writer,7,12,Richard Collins,1914,2013,"producer,writer"
tt61089359,Death on the Rocks,Death on the Rocks,1962,53,"Action,Comedy,Crime",7.0,117,8,production_designer,designer,2,10,Jim Goddard,1936,2013,"director,production_designer,writer"
tt59767568,The Big Thinker,The Big Thinker,1962,52,"Action,Comedy,Crime",7.1,111,8,production_designer,designer,2,12,Jim Goddard,1936,2013,"director,production_designer,writer"
tt44504508,Annabel,Annabel,1962,60,"Crime,Drama,Horror",7.5,442,8,producer,producer,1,7,Joan Harrison,1907,1994,"producer,writer,actress"
tt83680508,Bonfire,Bonfire,1962,49,"Crime,Drama,Horror",6.7,340,9,producer,producer,1,13,Joan Harrison,1907,1994,"producer,writer,actress"
tt47626834,Day of Reckoning,Day of Reckoning,1962,49,"Crime,Drama,Horror",7.3,346,9,producer,producer,1,10,Joan Harrison,1907,1994,"producer,writer,actress"
tt59551970,House Guest,House Guest,1962,48,"Crime,Drama,Horror",7.5,417,9,producer,producer,1,8,Joan Harrison,1907,1994,"producer,writer,actress"
tt94294190,I Saw the Whole Thing,I Saw the Whole Thing,1962,60,"Crime,Drama,Horror",7.5,569,7,producer,producer,1,4,Joan Harrison,1907,1994,"producer,writer,actress"
tt13796802,Night of the Owl,Night of the Owl,1962,60,"Crime,Drama,Horror",7.0,421,8,producer,producer,1,3,Joan Harrison,1907,1994,"producer,writer,actress"
tt74178267,The Jail,The Jail,1962,60,Drama,6.9,22,7,producer,producer,1,13,Joan Harrison,1907,1994,"producer,writer,actress"
tt48706197,Act of Faith,Act of Faith,1962,30,"Comedy,Crime,Drama",6.3,254,8,producer,producer,7,27,Joan Harrison,1907,1994,"producer,writer,actress"
tt38514654,Apex,Apex,1962,30,"Comedy,Crime,Drama",7.9,364,8,producer,producer,7,24,Joan Harrison,1907,1994,"producer,writer,actress"
tt79960054,Bad Actor,Bad Actor,1962,30,"Comedy,Crime,Drama",6.9,336,8,producer,producer,7,14,Joan Harrison,1907,1994,"producer,writer,actress"
tt91385073,Burglar Proof,Burglar Proof,1962,30,"Comedy,Crime,Drama",7.6,328,7,producer,producer,7,21,Joan Harrison,1907,1994,"producer,writer,actress"
tt80325391,First Class Honeymoon,First Class Honeymoon,1962,30,"Comedy,Crime,Drama",6.3,283,7,producer,producer,7,36,Joan Harrison,1907,1994,"producer,writer,actress"
tt51646047,Most Likely to Succeed,Most Likely to Succeed,1962,30,"Comedy,Crime,Drama",7.7,376,7,producer,producer,7,31,Joan Harrison,1907,1994,"producer,writer,actress"
tt50669251,ProfitSharing Plan,ProfitSharing Plan,1962,30,"Comedy,Crime,Drama",7.3,312,8,producer,producer,7,23,Joan Harrison,1907,1994,"producer,writer,actress"
tt69262138,Strange Miracle,Strange Miracle,1962,30,"Comedy,Crime,Drama",7.0,307,8,producer,producer,7,19,Joan Harrison,1907,1994,"producer,writer,actress"
tt64984248,Ten OClock Tiger,Ten OClock Tiger,1962,30,"Comedy,Crime,Drama",6.4,318,7,producer,producer,7,26,Joan Harrison,1907,1994,"producer,writer,actress"
tt99793478,The Big Kick,The Big Kick,1962,30,"Comedy,Crime,Drama",6.2,316,7,producer,producer,7,37,Joan Harrison,1907,1994,"producer,writer,actress"
tt16994726,The Big Score,The Big Score,1962,30,"Comedy,Crime,Drama",6.4,368,8,producer,producer,7,22,Joan Harrison,1907,1994,"producer,writer,actress"
tt91404034,The Case of MJH,The Case of MJH,1962,30,"Comedy,Crime,Drama",7.4,321,7,producer,producer,7,16,Joan Harrison,1907,1994,"producer,writer,actress"
tt77730339,The Children of Alda Nuova,The Children of Alda Nuova,1962,30,"Comedy,Crime,Drama",5.0,325,7,producer,producer,7,35,Joan Harrison,1907,1994,"producer,writer,actress"
tt18893148,The Door Without a Key,The Door Without a Key,1962,30,"Comedy,Crime,Drama",7.3,353,8,producer,producer,7,15,Joan Harrison,1907,1994,"producer,writer,actress"
tt50432137,The Faith of Aaron Menefee,The Faith of Aaron Menefee,1962,30,"Comedy,Crime,Drama",6.9,305,8,producer,producer,7,17,Joan Harrison,1907,1994,"producer,writer,actress"
tt85344173,The Kerry Blue,The Kerry Blue,1962,30,"Comedy,Crime,Drama",7.1,321,7,producer,producer,7,28,Joan Harrison,1907,1994,"producer,writer,actress"
tt60485205,The Last Remains,The Last Remains,1962,30,"Comedy,Crime,Drama",7.2,310,7,producer,producer,7,25,Joan Harrison,1907,1994,"producer,writer,actress"
tt69139006,The Matched Pearl,The Matched Pearl,1962,30,"Comedy,Crime,Drama",7.6,347,7,producer,producer,7,29,Joan Harrison,1907,1994,"producer,writer,actress"
tt48337192,The Opportunity,The Opportunity,1962,30,"Comedy,Crime,Drama",7.7,373,9,producer,producer,7,33,Joan Harrison,1907,1994,"producer,writer,actress"
tt10144461,The Silk Petticoat,The Silk Petticoat,1962,30,"Comedy,Crime,Drama",7.3,336,9,producer,producer,7,13,Joan Harrison,1907,1994,"producer,writer,actress"
tt85942713,The Sorcerers Apprentice,The Sorcerers Apprentice,1962,30,"Comedy,Crime,Drama",7.1,683,7,producer,producer,7,39,Joan Harrison,1907,1994,"producer,writer,actress"
tt85218634,The Test,The Test,1962,30,"Comedy,Crime,Drama",7.1,308,7,producer,producer,7,20,Joan Harrison,1907,1994,"producer,writer,actress"
tt82661235,The Twelve Hour Caper,The Twelve Hour Caper,1962,30,"Comedy,Crime,Drama",8.0,378,8,producer,producer,7,34,Joan Harrison,1907,1994,"producer,writer,actress"
tt30676004,The Woman Who Wanted to Live,The Woman Who Wanted to Live,1962,30,"Comedy,Crime,Drama",8.0,458,7,producer,producer,7,18,Joan Harrison,1907,1994,"producer,writer,actress"
tt96106823,Victim Four,Victim Four,1962,30,"Comedy,Crime,Drama",7.4,336,7,producer,producer,7,32,Joan Harrison,1907,1994,"producer,writer,actress"
tt95012422,What Frightened You Fred,What Frightened You Fred,1962,30,"Comedy,Crime,Drama",6.5,258,8,producer,producer,7,30,Joan Harrison,1907,1994,"producer,writer,actress"
tt76912338,Where Beauty Lies,Where Beauty Lies,1962,30,"Comedy,Crime,Drama",7.4,335,8,producer,producer,7,38,Joan Harrison,1907,1994,"producer,writer,actress"
tt58312812,The Organizers Part 1,The Organizers Part 1,1962,60,Drama,8.0,8,7,producer,producer,1,32,Stanley Kallis,1928,2017,"producer,writer,editorial_department"
tt61506302,The Organizers Part 2,The Organizers Part 2,1962,60,Drama,8.3,7,7,producer,producer,1,33,Stanley Kallis,1928,2017,"producer,writer,editorial_department"
tt39298930,And If Any Are Frozen Warm Them,And If Any Are Frozen Warm Them,1962,60,"Crime,Drama,Thriller",6.0,38,9,cinematographer,director of photography,3,27,Jack Priestley,1926,1993,"cinematographer,camera_department,director"
tt99149430,A Case Study of Two Savages,A Case Study of Two Savages,1962,60,"Crime,Drama,Thriller",8.2,93,9,cinematographer,director of photography,3,18,Jack Priestley,1926,1993,"cinematographer,camera_department,director"
tt86269197,A Horse Has a Big Head  Let Him Worry,A Horse Has a Big Head  Let Him Worry,1962,60,"Crime,Drama,Thriller",8.8,83,9,cinematographer,director of photography,4,10,Jack Priestley,1926,1993,"cinematographer,camera_department,director"
tt92678111,And by the Sweat of Thy Brow,And by the Sweat of Thy Brow,1962,60,"Crime,Drama,Thriller",8.6,67,9,cinematographer,director of photography,4,4,Jack Priestley,1926,1993,"cinematographer,camera_department,director"
tt22887325,Daughter Am I in My Fathers House,Daughter Am I in My Fathers House,1962,60,"Crime,Drama,Thriller",8.1,68,8,cinematographer,director of photography,4,3,Jack Priestley,1926,1993,"cinematographer,camera_department,director"
tt48289816,Dust Devil on a Quiet Street,Dust Devil on a Quiet Street,1962,60,"Crime,Drama,Thriller",7.7,53,10,cinematographer,director of photography,4,11,Jack Priestley,1926,1993,"cinematographer,camera_department,director"
tt14802297,Five Cranks for Winter Ten Cranks for Spring,Five Cranks for Winter Ten Cranks for Spring,1962,60,"Crime,Drama,Thriller",7.6,49,10,cinematographer,director of photography,4,6,Jack Priestley,1926,1993,"cinematographer,camera_department,director"
tt88708325,Go Fight City Hall,Go Fight City Hall,1962,60,"Crime,Drama,Thriller",6.5,35,9,cinematographer,director of photography,4,7,Jack Priestley,1926,1993,"cinematographer,camera_department,director"
tt37193148,Goodbye Mama Hello Auntie Maud,Goodbye Mama Hello Auntie Maud,1962,60,"Crime,Drama,Thriller",7.9,56,10,cinematographer,director of photography,3,33,Jack Priestley,1926,1993,"cinematographer,camera_department,director"
tt41784014,Hold for Gloria Christmas,Hold for Gloria Christmas,1962,60,"Crime,Drama,Thriller",8.0,75,9,cinematographer,director of photography,4,1,Jack Priestley,1926,1993,"cinematographer,camera_department,director"
tt30729457,Idylls of a Running Back,Idylls of a Running Back,1962,60,"Crime,Drama,Thriller",8.6,64,9,cinematographer,director of photography,4,2,Jack Priestley,1926,1993,"cinematographer,camera_department,director"
tt35731377,King Stanislaus and the Knights of the Round Stable,King Stanislaus and the Knights of the Round Stable,1962,60,"Crime,Drama,Thriller",7.8,42,9,cinematographer,director of photography,4,13,Jack Priestley,1926,1993,"cinematographer,camera_department,director"
tt77504195,Lament for a Dead Indian,Lament for a Dead Indian,1962,60,"Crime,Drama,Thriller",8.0,53,9,cinematographer,director of photography,3,25,Jack Priestley,1926,1993,"cinematographer,camera_department,director"
tt82404661,Let Me Die Before I Wake,Let Me Die Before I Wake,1962,60,"Crime,Drama,Thriller",7.6,64,9,cinematographer,director of photography,3,19,Jack Priestley,1926,1993,"cinematographer,camera_department,director"
tt39480021,Make It Fifty Dollars and Add Love to Nona,Make It Fifty Dollars and Add Love to Nona,1962,60,"Crime,Drama,Thriller",7.7,37,9,cinematographer,director of photography,4,9,Jack Priestley,1926,1993,"cinematographer,camera_department,director"
tt85245353,One of the Most Important Men in the Whole World,One of the Most Important Men in the Whole World,1962,60,"Crime,Drama,Thriller",7.7,45,10,cinematographer,director of photography,3,17,Jack Priestley,1926,1993,"cinematographer,camera_department,director"
tt57665780,Portrait of a Painter,Portrait of a Painter,1962,60,"Crime,Drama,Thriller",7.8,79,10,cinematographer,director of photography,3,14,Jack Priestley,1926,1993,"cinematographer,camera_department,director"
tt55727895,Spectre of the Rose Street Gang,Spectre of the Rose Street Gang,1962,60,"Crime,Drama,Thriller",8.4,56,10,cinematographer,director of photography,4,14,Jack Priestley,1926,1993,"cinematographer,camera_department,director"
tt31561543,Strike a Statue,Strike a Statue,1962,60,"Crime,Drama,Thriller",7.2,37,10,cinematographer,director of photography,3,28,Jack Priestley,1926,1993,"cinematographer,camera_department,director"
tt89445092,The Contract,The Contract,1962,60,"Crime,Drama,Thriller",6.5,52,10,cinematographer,director of photography,3,16,Jack Priestley,1926,1993,"cinematographer,camera_department,director"
tt58355921,The Face of the Enemy,The Face of the Enemy,1962,60,"Crime,Drama,Thriller",8.4,87,10,cinematographer,director of photography,3,13,Jack Priestley,1926,1993,"cinematographer,camera_department,director"
tt83728919,The King of Venus Will Take Care of You,The King of Venus Will Take Care of You,1962,60,"Crime,Drama,Thriller",8.6,55,9,cinematographer,director of photography,3,30,Jack Priestley,1926,1993,"cinematographer,camera_department,director"
tt89162611,The Multiplicity of Herbert Konish,The Multiplicity of Herbert Konish,1962,60,"Crime,Drama,Thriller",8.6,73,9,cinematographer,director of photography,3,29,Jack Priestley,1926,1993,"cinematographer,camera_department,director"
tt86899369,The Night the Saints Lost Their Halos,The Night the Saints Lost Their Halos,1962,60,"Crime,Drama,Thriller",7.7,57,9,cinematographer,director of photography,3,15,Jack Priestley,1926,1993,"cinematographer,camera_department,director"
tt43462466,The Rydecker Case,The Rydecker Case,1962,60,"Crime,Drama,Thriller",8.3,59,9,cinematographer,director of photography,3,31,Jack Priestley,1926,1993,"cinematographer,camera_department,director"
tt34908892,The Sweetly Smiling Face of Truth,The Sweetly Smiling Face of Truth,1962,60,"Crime,Drama,Thriller",7.4,53,9,cinematographer,director of photography,3,26,Jack Priestley,1926,1993,"cinematographer,camera_department,director"
tt15508147,The Virtues of Madame Douvay,The Virtues of Madame Douvay,1962,60,"Crime,Drama,Thriller",7.2,44,8,cinematographer,director of photography,4,12,Jack Priestley,1926,1993,"cinematographer,camera_department,director"
tt51994552,To Walk Like a Lion,To Walk Like a Lion,1962,60,"Crime,Drama,Thriller",7.1,62,10,cinematographer,director of photography,3,20,Jack Priestley,1926,1993,"cinematographer,camera_department,director"
tt98114543,Without Stick or Sword,Without Stick or Sword,1962,60,"Crime,Drama,Thriller",7.4,56,9,cinematographer,director of photography,3,24,Jack Priestley,1926,1993,"cinematographer,camera_department,director"
tt98407220,Annabel,Annabel,1962,60,"Crime,Drama,Horror",7.5,442,7,writer,novel,1,7,Patricia Highsmith,1921,1995,writer
tt73509131,No Strings Attached,No Strings Attached,1962,60,"Comedy,Drama",8.3,10,7,writer,written by,1,29,Robert O'Brien,1918,2005,"writer,script_department,music_department"
tt48138834,Special Assignment,Special Assignment,1962,60,"Comedy,Drama",8.2,27,6,writer,written by,2,1,Robert O'Brien,1918,2005,"writer,script_department,music_department"
tt39882556,Ed Gets Amnesia,Ed Gets Amnesia,1962,30,"Comedy,Family,Fantasy",7.6,39,6,writer,written by,3,1,Robert O'Brien,1918,2005,"writer,script_department,music_department"
tt68957327,Ed and Paul Revere,Ed and Paul Revere,1962,30,"Comedy,Family,Fantasy",7.4,31,6,writer,written by,3,11,Robert O'Brien,1918,2005,"writer,script_department,music_department"
tt17444101,Ed and the Allergy,Ed and the Allergy,1962,30,"Comedy,Family,Fantasy",7.5,32,6,writer,written by,3,5,Robert O'Brien,1918,2005,"writer,script_department,music_department"
tt42312157,Ed the Beachcomber,Ed the Beachcomber,1962,30,"Comedy,Family,Fantasy",8.0,43,7,writer,written by,2,23,Robert O'Brien,1918,2005,"writer,script_department,music_department"
tt17312192,Ed the Beneficiary,Ed the Beneficiary,1962,26,"Comedy,Family,Fantasy",7.3,47,7,writer,written by,2,14,Robert O'Brien,1918,2005,"writer,script_department,music_department"
tt47669365,Ed the Horse Doctor,Ed the Horse Doctor,1962,30,"Comedy,Family,Fantasy",7.2,35,7,writer,written by,2,17,Robert O'Brien,1918,2005,"writer,script_department,music_department"
tt38506830,Ed the Matchmaker,Ed the Matchmaker,1962,30,"Comedy,Family,Fantasy",7.3,36,6,writer,written by,2,26,Robert O'Brien,1918,2005,"writer,script_department,music_department"
tt63621460,Ed the Pilgrim,Ed the Pilgrim,1962,30,"Comedy,Family,Fantasy",7.2,30,7,writer,written by,3,9,Robert O'Brien,1918,2005,"writer,script_department,music_department"
tt99849724,Horse Party,Horse Party,1962,30,"Comedy,Family,Fantasy",7.8,31,7,writer,written by,3,8,Robert O'Brien,1918,2005,"writer,script_department,music_department"
tt75821259,Horse Sense,Horse Sense,1962,30,"Comedy,Family,Fantasy",7.9,38,6,writer,written by,3,6,Robert O'Brien,1918,2005,"writer,script_department,music_department"
tt25453343,Horse of a Different Color,Horse of a Different Color,1962,30,"Comedy,Family,Fantasy",7.8,27,7,writer,written by,3,13,Robert O'Brien,1918,2005,"writer,script_department,music_department"
tt94517453,The Bashful Clipper,The Bashful Clipper,1962,30,"Comedy,Family,Fantasy",7.5,36,6,writer,written by,3,4,Robert O'Brien,1918,2005,"writer,script_department,music_department"
tt33998622,Wilbur and Ed in Show Biz,Wilbur and Ed in Show Biz,1962,30,"Comedy,Family,Fantasy",7.2,35,6,writer,written by,3,3,Robert O'Brien,1918,2005,"writer,script_department,music_department"
tt71657428,Wilbur in the Lions Den,Wilbur in the Lions Den,1962,30,"Comedy,Family,Fantasy",8.2,36,6,writer,written by,3,7,Robert O'Brien,1918,2005,"writer,script_department,music_department"
tt79036803,Wilbur the Good Samaritan,Wilbur the Good Samaritan,1962,30,"Comedy,Family,Fantasy",8.1,39,6,writer,written by,3,2,Robert O'Brien,1918,2005,"writer,script_department,music_department"
tt93802169,Wilbur the Masher,Wilbur the Masher,1962,30,"Comedy,Family,Fantasy",8.2,35,6,writer,written by,3,12,Robert O'Brien,1918,2005,"writer,script_department,music_department"
tt99720555,Death in Mind,Death in Mind,1962,49,"Crime,Drama",8.0,26,7,writer,creator,3,10,Georges Simenon,1903,1989,"writer,miscellaneous"
tt91366423,High Politics,High Politics,1962,50,"Crime,Drama",8.0,22,7,writer,creator,3,5,Georges Simenon,1903,1989,"writer,miscellaneous"
tt12766048,Murder on Monday,Murder on Monday,1962,51,"Crime,Drama",7.5,27,7,writer,creator,2,13,Georges Simenon,1903,1989,"writer,miscellaneous"
tt31770075,Seven Little Crosses,Seven Little Crosses,1962,49,"Crime,Drama",8.1,23,7,writer,creator,3,11,Georges Simenon,1903,1989,"writer,miscellaneous"
tt17022851,The Countess,The Countess,1962,49,"Crime,Drama",7.2,24,7,writer,creator,3,3,Georges Simenon,1903,1989,"writer,miscellaneous"
tt55808473,The Crooked Castle,The Crooked Castle,1962,51,"Crime,Drama",7.5,24,7,writer,creator,3,9,Georges Simenon,1903,1989,"writer,miscellaneous"
tt72031295,The Dirty House,The Dirty House,1962,50,"Crime,Drama",7.8,24,7,writer,creator,3,7,Georges Simenon,1903,1989,"writer,miscellaneous"
tt45452860,The Madman of Vervac,The Madman of Vervac,1962,50,"Crime,Drama",7.9,25,7,writer,creator,3,2,Georges Simenon,1903,1989,"writer,miscellaneous"
tt55200160,The Reluctant Witnesses,The Reluctant Witnesses,1962,50,"Crime,Drama",7.4,24,7,writer,creator,2,11,Georges Simenon,1903,1989,"writer,miscellaneous"
tt36146419,The Wedding Guest,The Wedding Guest,1962,49,"Crime,Drama",7.1,23,7,writer,creator,3,4,Georges Simenon,1903,1989,"writer,miscellaneous"
tt69360675,Voices from the Past,Voices from the Past,1962,49,"Crime,Drama",7.9,25,7,writer,creator,3,1,Georges Simenon,1903,1989,"writer,miscellaneous"
tt75928039,The White Hat,The White Hat,1962,50,"Crime,Drama",6.9,31,7,writer,creator,2,12,Georges Simenon,1903,1989,"writer,miscellaneous"
tt62453769,The Amateurs,The Amateurs,1962,49,"Crime,Drama",7.5,22,7,writer,creator,3,13,Georges Simenon,1903,1989,"writer,miscellaneous"
tt28941253,The Crystal Ball,The Crystal Ball,1962,50,"Crime,Drama",7.3,22,7,writer,creator,3,8,Georges Simenon,1903,1989,"writer,miscellaneous"
tt43963419,The Trap,The Trap,1962,51,"Crime,Drama",8.7,25,7,writer,creator,3,12,Georges Simenon,1903,1989,"writer,miscellaneous"
tt61283662,Killers Choice,Killers Choice,1962,60,"Crime,Drama",8.7,24,8,writer,novel,1,23,Evan Hunter,1926,2005,"writer,soundtrack,miscellaneous"
tt42030172,A Bullet for Katie,A Bullet for Katie,1962,60,"Crime,Drama",7.9,11,8,writer,characters,1,20,Evan Hunter,1926,2005,"writer,soundtrack,miscellaneous"
tt32981933,Feel of the Trigger,Feel of the Trigger,1962,60,"Crime,Drama",7.2,8,7,writer,characters,1,22,Evan Hunter,1926,2005,"writer,soundtrack,miscellaneous"
tt68689960,Girl in the Case,Girl in the Case,1962,60,"Crime,Drama",8.0,8,7,writer,characters,1,30,Evan Hunter,1926,2005,"writer,soundtrack,miscellaneous"
tt98338255,Give the Boys a Great Big Hand,Give the Boys a Great Big Hand,1962,60,"Crime,Drama",7.7,10,6,writer,characters,1,17,Evan Hunter,1926,2005,"writer,soundtrack,miscellaneous"
tt18732298,Idol in the Dust,Idol in the Dust,1962,60,"Crime,Drama",8.0,12,6,writer,characters,1,26,Evan Hunter,1926,2005,"writer,soundtrack,miscellaneous"
tt25428759,Kings Ransom,Kings Ransom,1962,60,"Crime,Drama",7.9,13,6,writer,characters,1,21,Evan Hunter,1926,2005,"writer,soundtrack,miscellaneous"
tt76936783,Main Event,Main Event,1962,60,"Crime,Drama",7.0,10,7,writer,characters,1,15,Evan Hunter,1926,2005,"writer,soundtrack,miscellaneous"
tt85546700,Man in a Jam,Man in a Jam,1962,60,"Crime,Drama",7.6,9,7,writer,based on characters created by,1,16,Evan Hunter,1926,2005,"writer,soundtrack,miscellaneous"
tt48655869,Out of Order,Out of Order,1962,60,"Crime,Drama",7.8,8,6,writer,characters,1,18,Evan Hunter,1926,2005,"writer,soundtrack,miscellaneous"
tt79840861,Ramon,Ramon,1962,60,"Crime,Drama",8.4,9,6,writer,characters,1,27,Evan Hunter,1926,2005,"writer,soundtrack,miscellaneous"
tt51215319,Square Cop,Square Cop,1962,60,"Crime,Drama",7.4,8,7,writer,characters,1,24,Evan Hunter,1926,2005,"writer,soundtrack,miscellaneous"
tt98993196,The Pigeon,The Pigeon,1962,60,"Crime,Drama",7.7,22,8,writer,characters,1,19,Evan Hunter,1926,2005,"writer,soundtrack,miscellaneous"
tt76945914,Signals for an End Run,Signals for an End Run,1962,60,"Action,Drama,War",8.2,7,9,writer,teleplay,1,10,David Giler,1943,2020,"producer,writer,actor"
tt92926402,Along Came a Spider,Along Came a Spider,1962,60,"Crime,Drama",8.2,13,7,writer,created by,1,31,Reginald Rose,1920,2002,"writer,producer"
tt11122196,Grandma TNT,Grandma TNT,1962,60,"Crime,Drama",9.1,14,7,writer,created by,2,14,Reginald Rose,1920,2002,"writer,producer"
tt38253091,Madman Part 1,Madman Part 1,1962,60,"Crime,Drama",8.5,15,7,writer,created by,2,6,Reginald Rose,1920,2002,"writer,producer"
tt14083225,Madman Part 2,Madman Part 2,1962,60,"Crime,Drama",9.4,14,6,writer,teleplay,2,7,Reginald Rose,1920,2002,"writer,producer"
tt62177910,Reunion with Death,Reunion with Death,1962,60,"Crime,Drama",8.4,24,6,writer,created by,1,29,Reginald Rose,1920,2002,"writer,producer"
tt29008146,Storm at Birch Glen,Storm at Birch Glen,1962,60,"Crime,Drama",7.7,15,6,writer,created by,1,19,Reginald Rose,1920,2002,"writer,producer"
tt34373725,The Bedside Murder,The Bedside Murder,1962,60,"Crime,Drama",8.5,18,7,writer,created by,1,17,Reginald Rose,1920,2002,"writer,producer"
tt67647349,The Benefactor,The Benefactor,1962,60,"Crime,Drama",8.3,36,7,writer,created by,1,30,Reginald Rose,1920,2002,"writer,producer"
tt59698526,The Broken Barrelhead,The Broken Barrelhead,1962,60,"Crime,Drama",8.4,16,7,writer,created by,1,32,Reginald Rose,1920,2002,"writer,producer"
tt67498856,The Crusader,The Crusader,1962,60,"Crime,Drama",7.9,11,6,writer,created by,1,23,Reginald Rose,1920,2002,"writer,producer"
tt16117454,The Empty Chute,The Empty Chute,1962,60,"Crime,Drama",8.0,16,7,writer,created by,1,22,Reginald Rose,1920,2002,"writer,producer"
tt57177699,The Hickory Indian,The Hickory Indian,1962,60,"Crime,Drama",7.9,15,7,writer,created by,1,24,Reginald Rose,1920,2002,"writer,producer"
tt53903209,The Invisible Badge,The Invisible Badge,1962,60,"Crime,Drama",8.1,14,6,writer,created by,2,10,Reginald Rose,1920,2002,"writer,producer"
tt56705133,The Iron Man,The Iron Man,1962,60,"Crime,Drama",8.0,13,7,writer,created by,1,25,Reginald Rose,1920,2002,"writer,producer"
tt45805592,The Last Six Months,The Last Six Months,1962,60,"Crime,Drama",8.0,14,7,writer,created by,1,27,Reginald Rose,1920,2002,"writer,producer"
tt23713748,The Locked Room,The Locked Room,1962,60,"Crime,Drama",8.3,17,7,writer,created by,1,21,Reginald Rose,1920,2002,"writer,producer"
tt62099219,The Naked Heiress,The Naked Heiress,1962,60,"Crime,Drama",8.2,16,7,writer,created by,1,28,Reginald Rose,1920,2002,"writer,producer"
tt21304178,The Point Shaver,The Point Shaver,1962,60,"Crime,Drama",8.0,13,6,writer,created by,1,20,Reginald Rose,1920,2002,"writer,producer"
tt47514809,The Search,The Search,1962,60,"Crime,Drama",8.2,21,6,writer,created by,1,18,Reginald Rose,1920,2002,"writer,producer"
tt28146520,The Tarnished Cross,The Tarnished Cross,1962,60,"Crime,Drama",7.9,17,6,writer,created by,1,26,Reginald Rose,1920,2002,"writer,producer"
tt58853909,Father of the Week,Father of the Week,1962,30,"Comedy,Family",7.6,222,6,writer,written by,1,22,Arnold Peyser,1921,2001,"writer,producer,miscellaneous"
tt30588426,Father of the Week,Father of the Week,1962,30,"Comedy,Family",7.6,222,7,writer,written by,1,22,Lois Peyser,1923,1994,"writer,producer,miscellaneous"
tt25232096,A Man Called Ragan,A Man Called Ragan,1962,60,Western,8.4,22,10,cinematographer,director of photography,6,14,Bert Glennon,1893,1967,"cinematographer,director,actor"
tt51729669,Therell Be Some Changes Made,Therell Be Some Changes Made,1962,60,"Action,Adventure,Crime",6.1,14,8,cinematographer,director of photography,4,3,Bert Glennon,1893,1967,"cinematographer,director,actor"
tt70305072,A Friend of the Family,A Friend of the Family,1962,30,Western,8.2,31,8,cinematographer,director of photography,4,18,Bert Glennon,1893,1967,"cinematographer,director,actor"
tt28798825,Change of Venue,Change of Venue,1962,30,Western,8.4,28,8,cinematographer,director of photography,4,22,Bert Glennon,1893,1967,"cinematographer,director,actor"
tt61867683,Clootey Hutter,Clootey Hutter,1962,30,Western,8.6,28,8,cinematographer,director of photography,4,26,Bert Glennon,1893,1967,"cinematographer,director,actor"
tt26336266,Explosion,Explosion,1962,30,Western,6.9,27,8,cinematographer,director of photography,4,38,Bert Glennon,1893,1967,"cinematographer,director,actor"
tt70082082,Get Out of Town,Get Out of Town,1962,30,Western,8.0,24,10,cinematographer,director of photography,4,36,Bert Glennon,1893,1967,"cinematographer,director,actor"
tt10295223,Heritage of Hate,Heritage of Hate,1962,30,Western,8.2,29,8,cinematographer,director of photography,4,27,Bert Glennon,1893,1967,"cinematographer,director,actor"
tt89206947,Jailbreak,Jailbreak,1962,30,Western,7.5,30,10,cinematographer,director of photography,4,39,Bert Glennon,1893,1967,"cinematographer,director,actor"
tt72907367,Mountain Man,Mountain Man,1962,30,Western,8.1,28,8,cinematographer,director of photography,4,28,Bert Glennon,1893,1967,"cinematographer,director,actor"
tt13189449,Sunday,Sunday,1962,30,Western,8.2,21,7,cinematographer,director of photography,4,31,Bert Glennon,1893,1967,"cinematographer,director,actor"
tt91485665,The Barber,The Barber,1962,30,Western,7.9,29,8,cinematographer,director of photography,4,24,Bert Glennon,1893,1967,"cinematographer,director,actor"
tt18287401,The Doctor,The Doctor,1962,30,Western,8.5,25,9,cinematographer,director of photography,4,34,Bert Glennon,1893,1967,"cinematographer,director,actor"
tt54993085,The Holdout,The Holdout,1962,30,Western,7.9,27,9,cinematographer,director of photography,4,23,Bert Glennon,1893,1967,"cinematographer,director,actor"
tt40932273,The Locket,The Locket,1962,30,Western,8.8,31,8,cinematographer,director of photography,4,17,Bert Glennon,1893,1967,"cinematographer,director,actor"
tt11891588,The Man Behind the News,The Man Behind the News,1962,30,Western,6.7,23,9,cinematographer,director of photography,4,35,Bert Glennon,1893,1967,"cinematographer,director,actor"
tt76807472,The Unmasked,The Unmasked,1962,30,Western,8.4,24,8,cinematographer,director of photography,4,40,Bert Glennon,1893,1967,"cinematographer,director,actor"
tt40725865,The Vintage,The Vintage,1962,30,Western,7.8,30,8,cinematographer,director of photography,4,19,Bert Glennon,1893,1967,"cinematographer,director,actor"
tt47699265,A Man Called Ragan,A Man Called Ragan,1962,60,Western,8.4,22,7,writer,novel,6,14,Harry Whittington,1915,1989,"writer,director,producer"
tt61854546,A Man Called Ragan,A Man Called Ragan,1962,60,Western,7.2,12,8,writer,novel,1,0,Harry Whittington,1915,1989,"writer,director,producer"
tt27194346,A Man Called Ragan,A Man Called Ragan,1962,60,Western,8.4,22,8,producer,producer,6,14,Jules Schermer,1908,1996,"producer,writer"
tt92613150,Clootey Hutter,Clootey Hutter,1962,30,Western,8.6,28,7,producer,producer,4,26,Jules Schermer,1908,1996,"producer,writer"
tt98232210,Cort,Cort,1962,30,Western,7.3,27,7,producer,producer,4,33,Jules Schermer,1908,1996,"producer,writer"
tt13027548,Sunday,Sunday,1962,30,Western,8.2,21,6,producer,producer,4,31,Jules Schermer,1908,1996,"producer,writer"
tt28857798,The Actor,The Actor,1962,30,Western,7.9,35,7,producer,producer,4,37,Jules Schermer,1908,1996,"producer,writer"
tt90851959,The Barber,The Barber,1962,30,Western,7.9,29,7,producer,producer,4,24,Jules Schermer,1908,1996,"producer,writer"
tt50503443,The Bride,The Bride,1962,30,Western,7.7,27,8,producer,producer,4,29,Jules Schermer,1908,1996,"producer,writer"
tt17051105,The Doctor,The Doctor,1962,30,Western,8.5,25,8,producer,producer,4,34,Jules Schermer,1908,1996,"producer,writer"
tt19870344,The Holdout,The Holdout,1962,30,Western,7.9,27,8,producer,producer,4,23,Jules Schermer,1908,1996,"producer,writer"
tt42673807,The Long Gun,The Long Gun,1962,30,Western,8.3,34,6,producer,producer,4,25,Jules Schermer,1908,1996,"producer,writer"
tt57082744,The Wanted Man,The Wanted Man,1962,30,Western,8.6,23,6,producer,producer,4,30,Jules Schermer,1908,1996,"producer,writer"
tt57103695,The Youngest,The Youngest,1962,30,Western,8.5,30,8,producer,producer,4,32,Jules Schermer,1908,1996,"producer,writer"
tt52184958,The Worlds Greatest Robbery Part 1,The Worlds Greatest Robbery Part 1,1962,60,"Comedy,Drama,Musical",7.0,11,7,producer,producer,1,21,Felix Jackson,1902,1992,"producer,writer,director"
tt96702011,The Mauritius Penny,The Mauritius Penny,1962,52,"Action,Comedy,Crime",7.3,128,7,writer,teleplay,2,7,Terrance Dicks,1935,2019,"script_department,writer,producer"
tt64213912,Apex,Apex,1962,30,"Comedy,Crime,Drama",7.9,364,6,writer,teleplay,7,24,John T. Kelley,1921,1972,writer
tt92971511,The Glory Hunter,The Glory Hunter,1962,60,Drama,8.2,15,7,writer,teleplay,1,19,John T. Kelley,1921,1972,writer
tt81458308,One Way Ticket,One Way Ticket,1962,60,Western,8.2,65,6,writer,writer,6,12,Robert Hamner,1928,1996,"writer,producer,miscellaneous"
tt54961598,A Likely Story,A Likely Story,1962,60,"Action,Adventure,Crime",6.7,12,6,writer,teleplay,3,25,Robert Hamner,1928,1996,"writer,producer,miscellaneous"
tt79043456,Lament for a Saturday Warrior,Lament for a Saturday Warrior,1962,60,"Action,Adventure,Crime",7.1,11,6,writer,teleplay,4,5,Robert Hamner,1928,1996,"writer,producer,miscellaneous"
tt21219841,Shannon Malloy,Shannon Malloy,1962,60,"Action,Adventure,Crime",7.2,11,6,writer,teleplay,4,11,Robert Hamner,1928,1996,"writer,producer,miscellaneous"
tt50410627,The Glory Hunter,The Glory Hunter,1962,60,Drama,8.2,15,6,writer,story,1,19,Gerry Day,1922,2013,writer
tt52150919,The Caroline Casteel Story,The Caroline Casteel Story,1962,60,Western,8.3,67,6,writer,writer,6,2,Gerry Day,1922,2013,writer
tt72548937,Bandit,Bandit,1962,30,Western,7.5,60,5,writer,story by,5,35,Joan Scott,1921,2012,writer
tt13290647,Ride the Nightmare,Ride the Nightmare,1962,60,"Crime,Drama,Horror",7.2,386,6,writer,novel and teleplay,1,11,Richard Matheson,1926,2013,"writer,miscellaneous,actor"
tt79602664,Forgotten Front,Forgotten Front,1962,60,"Action,Drama,War",8.1,170,7,writer,teleplay,1,1,Richard Matheson,1926,2013,"writer,miscellaneous,actor"
tt11627651,The Actor,The Actor,1962,30,Western,7.9,35,6,writer,writer,4,37,Richard Matheson,1926,2013,"writer,miscellaneous,actor"
tt99207806,Little Girl Lost,Little Girl Lost,1962,25,"Drama,Fantasy,Horror",8.0,2618,6,writer,written by,3,26,Richard Matheson,1926,2013,"writer,miscellaneous,actor"
tt49619585,Young Mans Fancy,Young Mans Fancy,1962,25,"Drama,Fantasy,Horror",6.5,1749,6,writer,written by,3,34,Richard Matheson,1926,2013,"writer,miscellaneous,actor"
tt65084254,Keeping Up with Krazy,Keeping Up with Krazy,1962,7,Animation,5.3,14,4,director,animation director,1,43,Nick Tafuri,1913,1990,"animation_department,director"
tt84433205,Keeping Up with Krazy,Keeping Up with Krazy,1962,7,Animation,5.3,14,6,writer,comic strip,1,43,George Herriman,1880,1944,"writer,actor"
tt82767572,Mouse Blanche,Mouse Blanche,1962,7,Animation,5.6,11,7,writer,comic strip,1,44,George Herriman,1880,1944,"writer,actor"
tt15379008,Mouse Blanche,Mouse Blanche,1962,7,Animation,5.6,11,5,director,animation director,1,44,Morey Reden,1912,1981,"animation_department,director,writer"
tt41191805,Mouse Blanche,Mouse Blanche,1962,7,Animation,5.6,11,8,writer,story,1,44,Jack Mercer,1910,1984,"actor,writer,art_department"
tt56671136,The Auld Sod,The Auld Sod,1962,60,Western,6.9,107,10,cinematographer,director of photography,3,20,Walter Castle,1905,1962,"cinematographer,camera_department,visual_effects"
tt50285765,The Crucible,The Crucible,1962,60,Western,7.7,143,10,cinematographer,director of photography,3,28,Walter Castle,1905,1962,"cinematographer,camera_department,visual_effects"
tt36381579,The Dowry,The Dowry,1962,60,Western,6.6,92,10,cinematographer,director of photography,3,31,Walter Castle,1905,1962,"cinematographer,camera_department,visual_effects"
tt42808323,The Guilty,The Guilty,1962,60,Western,7.0,96,10,cinematographer,director of photography,3,23,Walter Castle,1905,1962,"cinematographer,camera_department,visual_effects"
tt54996662,The Jackknife,The Jackknife,1962,60,Western,7.3,106,10,cinematographer,director of photography,3,22,Walter Castle,1905,1962,"cinematographer,camera_department,visual_effects"
tt23146722,The Jury,The Jury,1962,60,Western,7.4,105,10,cinematographer,director of photography,4,14,Walter Castle,1905,1962,"cinematographer,camera_department,visual_effects"
tt22628073,The Lady from Baltimore,The Lady from Baltimore,1962,60,Western,7.0,122,10,cinematographer,director of photography,3,17,Walter Castle,1905,1962,"cinematographer,camera_department,visual_effects"
tt49538998,The Mountain Girl,The Mountain Girl,1962,60,Western,7.3,113,10,cinematographer,director of photography,3,33,Walter Castle,1905,1962,"cinematographer,camera_department,visual_effects"
tt11158701,The Ride,The Ride,1962,60,Western,7.9,118,10,cinematographer,director of photography,3,18,Walter Castle,1905,1962,"cinematographer,camera_department,visual_effects"
tt58966790,The Way Station,The Way Station,1962,60,Western,7.5,110,10,cinematographer,director of photography,4,6,Walter Castle,1905,1962,"cinematographer,camera_department,visual_effects"
tt29453585,La Strega,La Strega,1962,60,"Crime,Drama,Horror",7.5,168,6,writer,writer,2,17,Alan Caillou,1914,2006,"actor,writer"
tt58271157,Til Death Do Us Part,Til Death Do Us Part,1962,60,"Crime,Drama,Horror",7.2,116,7,producer,producer,2,24,William Frye,1921,2017,producer
tt80164482,A Wig for Miss Devore,A Wig for Miss Devore,1962,60,"Crime,Drama,Horror",8.1,197,8,producer,producer,2,19,William Frye,1921,2017,producer
tt33467337,An Attractive Family,An Attractive Family,1962,60,"Crime,Drama,Horror",7.3,141,7,producer,producer,2,15,William Frye,1921,2017,producer
tt83116105,Cousin Tundifer,Cousin Tundifer,1962,60,"Crime,Drama,Horror",7.2,132,7,producer,producer,2,21,William Frye,1921,2017,producer
tt38659664,Flowers of Evil,Flowers of Evil,1962,60,"Crime,Drama,Horror",6.2,117,8,producer,producer,2,23,William Frye,1921,2017,producer
tt94608725,Kill My Love,Kill My Love,1962,60,"Crime,Drama,Horror",7.1,112,8,producer,producer,2,26,William Frye,1921,2017,producer
tt24952321,La Strega,La Strega,1962,60,"Crime,Drama,Horror",7.5,168,7,producer,producer,2,17,William Frye,1921,2017,producer
tt79199920,Man of Mystery,Man of Mystery,1962,60,"Crime,Drama,Horror",7.7,97,7,producer,producer,2,27,William Frye,1921,2017,producer
tt38974216,The Bride Who Died Twice,The Bride Who Died Twice,1962,60,"Crime,Drama,Horror",6.4,112,7,producer,producer,2,25,William Frye,1921,2017,producer
tt79512952,The Hollow Watcher,The Hollow Watcher,1962,60,"Crime,Drama,Horror",7.6,142,7,producer,producer,2,20,William Frye,1921,2017,producer
tt34628653,The Lethal Ladies,The Lethal Ladies,1962,60,"Crime,Drama,Horror",7.6,144,8,producer,producer,2,29,William Frye,1921,2017,producer
tt24229794,The Storm,The Storm,1962,60,"Crime,Drama,Horror",7.6,168,8,producer,producer,2,18,William Frye,1921,2017,producer
tt77749711,Waxworks,Waxworks,1962,60,"Crime,Drama,Horror",7.6,153,7,producer,producer,2,16,William Frye,1921,2017,producer
tt22434010,El Medico,El Medico,1962,30,Drama,6.6,10,10,writer,written by,1,2,Ellis Marcus,1918,1990,"writer,producer,miscellaneous"
tt40547185,Tears for a Nobody Doll,Tears for a Nobody Doll,1962,60,Drama,7.0,7,6,writer,writer,1,5,Ellis Marcus,1918,1990,"writer,producer,miscellaneous"
tt13675719,Too Many Strangers,Too Many Strangers,1962,60,Drama,7.3,8,6,writer,writer,1,13,Ellis Marcus,1918,1990,"writer,producer,miscellaneous"
tt48973696,Twenty Aching Years,Twenty Aching Years,1962,60,Drama,6.4,7,7,writer,story by,1,6,Ellis Marcus,1918,1990,"writer,producer,miscellaneous"
tt67254940,Chauncey,Chauncey,1962,60,Western,7.9,30,7,writer,writer,6,24,Ellis Marcus,1918,1990,"writer,producer,miscellaneous"
tt70440773,Remember the Yazoo,Remember the Yazoo,1962,60,Western,8.0,20,7,writer,writer,6,28,Ellis Marcus,1918,1990,"writer,producer,miscellaneous"
tt58385753,Farewell Mr Dibble,Farewell Mr Dibble,1962,30,"Animation,Comedy,Crime",7.6,70,7,writer,written by,1,18,Kin Platt,1911,2003,"writer,miscellaneous"
tt95349772,Choo Choo Goes GaGa,Choo Choo Goes GaGa,1962,30,"Animation,Comedy,Crime",7.3,70,7,writer,written by,1,24,Kin Platt,1911,2003,"writer,miscellaneous"
tt71944678,Dibble Breaks the Record,Dibble Breaks the Record,1962,30,"Animation,Comedy,Crime",7.5,69,7,writer,written by,1,27,Kin Platt,1911,2003,"writer,miscellaneous"
tt55624118,Dibble Sings Again,Dibble Sings Again,1962,30,"Animation,Comedy,Crime",7.1,64,7,writer,written by,1,28,Kin Platt,1911,2003,"writer,miscellaneous"
tt25031309,Dibbles Birthday,Dibbles Birthday,1962,30,"Animation,Comedy,Crime",7.4,71,7,writer,written by,1,23,Kin Platt,1911,2003,"writer,miscellaneous"
tt59404106,Dibbles Double,Dibbles Double,1962,30,"Animation,Comedy,Crime",7.8,68,7,writer,written by,1,30,Kin Platt,1911,2003,"writer,miscellaneous"
tt28931757,Griswald,Griswald,1962,30,"Animation,Comedy,Crime",7.4,68,7,writer,written by,1,29,Kin Platt,1911,2003,"writer,miscellaneous"
tt54599019,King for a Day,King for a Day,1962,30,"Animation,Comedy,Crime",7.4,73,7,writer,written by,1,25,Kin Platt,1911,2003,"writer,miscellaneous"
tt23306397,Space Monkey,Space Monkey,1962,30,"Animation,Comedy,Crime",7.4,72,7,writer,written by,1,21,Kin Platt,1911,2003,"writer,miscellaneous"
tt34871354,TC Minds the Baby,TC Minds the Baby,1962,30,"Animation,Comedy,Crime",7.4,80,7,writer,written by,1,17,Kin Platt,1911,2003,"writer,miscellaneous"
tt21270397,The Con Men,The Con Men,1962,30,"Animation,Comedy,Crime",7.3,66,7,writer,written by,1,26,Kin Platt,1911,2003,"writer,miscellaneous"
tt85863761,The Golden Fleecing,The Golden Fleecing,1962,30,"Animation,Comedy,Crime",7.1,69,7,writer,written by,1,20,Kin Platt,1911,2003,"writer,miscellaneous"
tt98343687,The Grand Tour,The Grand Tour,1962,30,"Animation,Comedy,Crime",7.3,71,7,writer,written by,1,19,Kin Platt,1911,2003,"writer,miscellaneous"
tt70377069,The Late TC,The Late TC,1962,30,"Animation,Comedy,Crime",7.3,66,7,writer,written by,1,22,Kin Platt,1911,2003,"writer,miscellaneous"
tt96966629,The Case of the Absent Anteater,The Case of the Absent Anteater,1962,30,"Animation,Comedy,Crime",7.0,73,7,writer,written by,1,16,Kin Platt,1911,2003,"writer,miscellaneous"
tt79816244,The Long Hot Winter,The Long Hot Winter,1962,30,"Animation,Comedy,Crime",7.9,85,7,writer,written by,1,15,Kin Platt,1911,2003,"writer,miscellaneous"
tt49190485,Second Chance,Second Chance,1962,60,Drama,6.8,8,7,producer,producer,1,18,Frank Telford,1915,1987,"producer,writer,director"
tt51428241,A Devil in the Chute,A Devil in the Chute,1962,60,"Sport,Western",7.6,6,7,producer,producer,1,8,Frank Telford,1915,1987,"producer,writer,director"
tt65604761,Good Old Uncle Walt,Good Old Uncle Walt,1962,60,"Sport,Western",6.4,6,8,producer,producer,1,12,Frank Telford,1915,1987,"producer,writer,director"
tt25407143,Journey Down a Dusty Road,Journey Down a Dusty Road,1962,60,"Sport,Western",7.3,9,7,producer,producer,1,3,Frank Telford,1915,1987,"producer,writer,director"
tt27802271,Our Ernie Kills People,Our Ernie Kills People,1962,60,"Sport,Western",7.4,6,8,producer,producer,1,7,Frank Telford,1915,1987,"producer,writer,director"
tt88779074,Tears on a Painted Face,Tears on a Painted Face,1962,60,"Sport,Western",8.2,7,7,producer,producer,1,10,Frank Telford,1915,1987,"producer,writer,director"
tt35246642,The Royce Bennett Story,The Royce Bennett Story,1962,60,"Sport,Western",6.4,9,7,producer,producer,1,1,Frank Telford,1915,1987,"producer,writer,director"
tt87079812,What Are Friends For,What Are Friends For,1962,60,"Sport,Western",6.6,6,7,producer,producer,1,5,Frank Telford,1915,1987,"producer,writer,director"
tt89044044,Space Pen,Space Pen,1962,26,"Animation,Family,Sci-Fi",7.3,17,7,writer,written by,1,10,Dennis Spooner,1932,1986,"writer,miscellaneous"
tt74816828,Finders Keepers,Finders Keepers,1962,60,"Action,Crime,Drama",7.2,6,6,writer,written by,3,26,Don Brinkley,1921,2012,"writer,producer,miscellaneous"
tt20798550,Little Miss Rich Witch,Little Miss Rich Witch,1962,60,"Action,Adventure,Crime",7.2,14,6,writer,teleplay,3,16,Philip Saltzman,1928,2009,"producer,writer,miscellaneous"
tt11752871,Deadly Image,Deadly Image,1962,30,"Family,Western",7.7,92,6,writer,written by,4,22,Philip Saltzman,1928,2009,"producer,writer,miscellaneous"
tt67859590,The Pea,The Pea,1962,52,"Action,Crime,Drama",7.9,43,9,writer,story,4,5,Philip Saltzman,1928,2009,"producer,writer,miscellaneous"
tt92549397,Blues for a Junkman Arthur Troy,Blues for a Junkman Arthur Troy,1962,60,"Crime,Drama",7.7,19,10,cinematographer,director of photography,1,21,William W. Spencer,1921,2007,"cinematographer,camera_department"
tt67503070,Cost of Living Howard Judlow,Cost of Living Howard Judlow,1962,60,"Crime,Drama",6.0,8,10,cinematographer,director of photography,1,23,William W. Spencer,1921,2007,"cinematographer,camera_department"
tt23682346,The Debasers Milton Bonner and Phillip Colerane,The Debasers Milton Bonner and Phillip Colerane,1962,60,"Crime,Drama",5.8,8,10,cinematographer,director of photography,1,16,William W. Spencer,1921,2007,"cinematographer,camera_department"
tt31944493,A Split Week in San Quentin,A Split Week in San Quentin,1962,60,Drama,6.6,10,9,cinematographer,director of photography,1,2,William W. Spencer,1921,2007,"cinematographer,camera_department"
tt90310907,Life Is a Lie Love Is a Cheat,Life Is a Lie Love Is a Cheat,1962,60,Drama,7.9,9,10,cinematographer,director of photography,1,9,William W. Spencer,1921,2007,"cinematographer,camera_department"
tt44391231,Maddons Folly,Maddons Folly,1962,60,Drama,7.3,8,9,cinematographer,director of photography,1,7,William W. Spencer,1921,2007,"cinematographer,camera_department"
tt78431101,Nor Practice Make Perfect,Nor Practice Make Perfect,1962,60,Drama,7.1,13,8,cinematographer,director of photography,1,3,William W. Spencer,1921,2007,"cinematographer,camera_department"
tt94030921,Nothing Equals Nothing,Nothing Equals Nothing,1962,60,Drama,7.0,10,10,cinematographer,director of photography,1,4,William W. Spencer,1921,2007,"cinematographer,camera_department"
tt66645642,So Various So Beautiful,So Various So Beautiful,1962,60,Drama,7.2,6,10,cinematographer,director of photography,1,14,William W. Spencer,1921,2007,"cinematographer,camera_department"
tt85542660,Tears for a Nobody Doll,Tears for a Nobody Doll,1962,60,Drama,7.0,7,9,cinematographer,director of photography,1,5,William W. Spencer,1921,2007,"cinematographer,camera_department"
tt12665919,The Target Over the Hill,The Target Over the Hill,1962,60,Drama,7.8,10,10,cinematographer,director of photography,1,16,William W. Spencer,1921,2007,"cinematographer,camera_department"
tt26885944,The View from an Ivory Tower,The View from an Ivory Tower,1962,60,Drama,7.3,8,9,cinematographer,director of photography,1,11,William W. Spencer,1921,2007,"cinematographer,camera_department"
tt47747047,Too Many Strangers,Too Many Strangers,1962,60,Drama,7.3,8,10,cinematographer,director of photography,1,13,William W. Spencer,1921,2007,"cinematographer,camera_department"
tt35696917,Twenty Aching Years,Twenty Aching Years,1962,60,Drama,6.4,7,10,cinematographer,director of photography,1,6,William W. Spencer,1921,2007,"cinematographer,camera_department"
tt32122003,Candidate for Murder,Candidate for Murder,1962,60,"Crime,Drama,Mystery",6.5,59,6,writer,screenplay,2,9,Lukas Heller,1930,1988,writer
tt76259661,The Tender Poisoner,The Tender Poisoner,1962,51,"Crime,Drama,Horror",7.1,327,6,writer,teleplay,1,14,Lukas Heller,1930,1988,writer
tt98784023,Killers Choice,Killers Choice,1962,60,"Crime,Drama",8.7,24,10,producer,producer,1,23,Winston Miller,1910,1994,"producer,writer,actor"
tt95089598,A Bullet for Katie,A Bullet for Katie,1962,60,"Crime,Drama",7.9,11,9,producer,producer,1,20,Winston Miller,1910,1994,"producer,writer,actor"
tt51133684,Feel of the Trigger,Feel of the Trigger,1962,60,"Crime,Drama",7.2,8,10,producer,producer,1,22,Winston Miller,1910,1994,"producer,writer,actor"
tt19422323,Girl in the Case,Girl in the Case,1962,60,"Crime,Drama",8.0,8,9,producer,producer,1,30,Winston Miller,1910,1994,"producer,writer,actor"
tt91714720,Idol in the Dust,Idol in the Dust,1962,60,"Crime,Drama",8.0,12,9,producer,producer,1,26,Winston Miller,1910,1994,"producer,writer,actor"
tt75693615,Kings Ransom,Kings Ransom,1962,60,"Crime,Drama",7.9,13,8,producer,producer,1,21,Winston Miller,1910,1994,"producer,writer,actor"
tt59371227,Man in a Jam,Man in a Jam,1962,60,"Crime,Drama",7.6,9,8,producer,producer,1,16,Winston Miller,1910,1994,"producer,writer,actor"
tt91630097,Out of Order,Out of Order,1962,60,"Crime,Drama",7.8,8,8,producer,producer,1,18,Winston Miller,1910,1994,"producer,writer,actor"
tt76444450,Ramon,Ramon,1962,60,"Crime,Drama",8.4,9,9,producer,producer,1,27,Winston Miller,1910,1994,"producer,writer,actor"
tt49710054,Square Cop,Square Cop,1962,60,"Crime,Drama",7.4,8,9,producer,producer,1,24,Winston Miller,1910,1994,"producer,writer,actor"
tt97592518,Incident of the Reluctant Bridegroom,Incident of the Reluctant Bridegroom,1962,60,Western,8.2,79,6,writer,writer,5,11,Winston Miller,1910,1994,"producer,writer,actor"
tt64945570,Impasse,Impasse,1962,75,Western,7.9,103,10,producer,producer,1,8,Winston Miller,1910,1994,"producer,writer,actor"
tt50951433,The Accomplice,The Accomplice,1962,75,Western,8.7,423,8,writer,writer,1,13,Winston Miller,1910,1994,"producer,writer,actor"
tt40588095,The Big Deal,The Big Deal,1962,75,Western,7.6,92,7,writer,writer,1,4,Winston Miller,1910,1994,"producer,writer,actor"
tt62813580,Killers Choice,Killers Choice,1962,60,"Crime,Drama",8.7,24,9,producer,producer,1,23,Boris Kaplan,1915,1999,"miscellaneous,producer"
tt44381190,Feel of the Trigger,Feel of the Trigger,1962,60,"Crime,Drama",7.2,8,9,producer,producer,1,22,Boris Kaplan,1915,1999,"miscellaneous,producer"
tt59791388,Girl in the Case,Girl in the Case,1962,60,"Crime,Drama",8.0,8,8,producer,producer,1,30,Boris Kaplan,1915,1999,"miscellaneous,producer"
tt69652125,Give the Boys a Great Big Hand,Give the Boys a Great Big Hand,1962,60,"Crime,Drama",7.7,10,8,producer,producer,1,17,Boris Kaplan,1915,1999,"miscellaneous,producer"
tt91263913,Idol in the Dust,Idol in the Dust,1962,60,"Crime,Drama",8.0,12,8,producer,producer,1,26,Boris Kaplan,1915,1999,"miscellaneous,producer"
tt85760519,Kings Ransom,Kings Ransom,1962,60,"Crime,Drama",7.9,13,7,producer,producer,1,21,Boris Kaplan,1915,1999,"miscellaneous,producer"
tt92857910,Main Event,Main Event,1962,60,"Crime,Drama",7.0,10,8,producer,producer,1,15,Boris Kaplan,1915,1999,"miscellaneous,producer"
tt35691740,Ramon,Ramon,1962,60,"Crime,Drama",8.4,9,8,producer,producer,1,27,Boris Kaplan,1915,1999,"miscellaneous,producer"
tt90671357,Square Cop,Square Cop,1962,60,"Crime,Drama",7.4,8,8,producer,producer,1,24,Boris Kaplan,1915,1999,"miscellaneous,producer"
tt47919765,The Pigeon,The Pigeon,1962,60,"Crime,Drama",7.7,22,9,producer,producer,1,19,Boris Kaplan,1915,1999,"miscellaneous,producer"
tt55406503,The Locked Room,The Locked Room,1962,60,"Crime,Drama",8.3,17,6,writer,written by,1,21,Ernest Kinoy,1925,2014,writer
tt32643739,The Cobweb Chain,The Cobweb Chain,1962,60,Drama,8.1,11,6,writer,writer,2,8,Ernest Kinoy,1925,2014,writer
tt57947109,Idylls of a Running Back,Idylls of a Running Back,1962,60,"Crime,Drama,Thriller",8.6,64,6,writer,writer,4,2,Ernest Kinoy,1925,2014,writer
tt87093889,The Multiplicity of Herbert Konish,The Multiplicity of Herbert Konish,1962,60,"Crime,Drama,Thriller",8.6,73,6,writer,writer,3,29,Ernest Kinoy,1925,2014,writer
tt11916298,Man Is His Own Worst Enemy,Man Is His Own Worst Enemy,1962,60,"Adventure,Drama,Family",9.3,12,10,writer,writer,9,5,Joe Rinaldi,1914,1974,"writer,art_department"
tt97833076,Man Is His Own Worst Enemy,Man Is His Own Worst Enemy,1962,60,"Adventure,Drama,Family",9.3,12,9,writer,writer,9,5,Bill Berg,1917,2002,"writer,animation_department,miscellaneous"
tt11458224,King of America,King of America,1962,30,"Adventure,Family",6.3,15,6,writer,writer,1,14,Ian Stuart Black,1915,1997,"writer,miscellaneous,script_department"
tt75494432,The Fountain of Youth,The Fountain of Youth,1962,30,"Adventure,Family",5.8,13,6,writer,writer,1,25,Ian Stuart Black,1915,1997,"writer,miscellaneous,script_department"
tt47275062,Gentle Savage,Gentle Savage,1962,30,"Adventure,Drama,Family",7.4,15,6,writer,writer,9,7,Dwight Hauser,1911,1969,writer
tt70072871,Quick Brown Fox,Quick Brown Fox,1962,30,"Adventure,Drama,Family",7.2,16,6,writer,writer,9,2,Dwight Hauser,1911,1969,writer
tt80904422,Eds Bed,Eds Bed,1962,30,"Comedy,Family,Fantasy",7.4,36,8,producer,producer,2,13,Arthur Lubin,1898,1995,"director,producer,actor"
tt10130473,Aloha Kimi,Aloha Kimi,1962,30,"Comedy,Family",6.8,25,8,producer,producer,4,19,Tony Owen,1907,1984,producer
tt66044307,The Wide Open Spaces,The Wide Open Spaces,1962,30,"Comedy,Family",6.3,30,8,producer,producer,4,25,Tony Owen,1907,1984,producer
tt93399274,Winner Takes All,Winner Takes All,1962,30,"Comedy,Family",8.1,22,8,producer,producer,4,29,Tony Owen,1907,1984,producer
tt97222197,The Swingin Set,The Swingin Set,1962,30,"Comedy,Family",7.8,27,8,producer,producer,4,35,Tony Owen,1907,1984,producer
tt51547550,Dear Wife,Dear Wife,1962,30,"Comedy,Family",7.8,20,8,producer,producer,4,39,Tony Owen,1907,1984,producer
tt99955908,Donna Meets Roberta,Donna Meets Roberta,1962,30,"Comedy,Family",7.4,31,8,producer,producer,4,33,Tony Owen,1907,1984,producer
tt14331375,Donnas Prima Donna,Donnas Prima Donna,1962,30,"Comedy,Family",8.7,37,8,producer,producer,4,20,Tony Owen,1907,1984,producer
tt79888566,Dr Stone and His Horseless Carriage,Dr Stone and His Horseless Carriage,1962,30,"Comedy,Family",8.1,20,8,producer,producer,4,17,Tony Owen,1907,1984,producer
tt16602098,Explorers Ten,Explorers Ten,1962,30,"Comedy,Family",7.9,18,8,producer,producer,4,21,Tony Owen,1907,1984,producer
tt67067681,For Angie with Love,For Angie with Love,1962,30,"Comedy,Family",8.3,20,8,producer,producer,4,18,Tony Owen,1907,1984,producer
tt47236715,Free Flight,Free Flight,1962,30,"Comedy,Family",7.7,18,8,producer,producer,4,24,Tony Owen,1907,1984,producer
tt94232964,Hilldale 500,Hilldale 500,1962,30,"Comedy,Family",7.6,25,8,producer,producer,4,28,Tony Owen,1907,1984,producer
tt62563272,Man of Action,Man of Action,1962,30,"Comedy,Family",8.5,23,8,producer,producer,4,32,Tony Owen,1907,1984,producer
tt76838096,On to Fairview,On to Fairview,1962,30,"Comedy,Family",7.6,23,8,producer,producer,4,36,Tony Owen,1907,1984,producer
tt12252173,Once Upon a Timepiece,Once Upon a Timepiece,1962,30,"Comedy,Family",8.2,24,8,producer,producer,4,27,Tony Owen,1907,1984,producer
tt41714623,Skin Deep,Skin Deep,1962,30,"Comedy,Family",7.4,18,8,producer,producer,4,30,Tony Owen,1907,1984,producer
tt88920958,The Caravan,The Caravan,1962,30,"Comedy,Family",8.7,29,8,producer,producer,4,34,Tony Owen,1907,1984,producer
tt32152695,The Father Image,The Father Image,1962,30,"Comedy,Family",8.4,22,8,producer,producer,4,38,Tony Owen,1907,1984,producer
tt50375636,The Fireball,The Fireball,1962,30,"Comedy,Family",7.1,23,8,producer,producer,4,26,Tony Owen,1907,1984,producer
tt25779360,The Fortune Teller,The Fortune Teller,1962,30,"Comedy,Family",7.0,20,8,producer,producer,4,31,Tony Owen,1907,1984,producer
tt59224544,The Golden Trap,The Golden Trap,1962,30,"Comedy,Family",8.4,25,8,producer,producer,4,23,Tony Owen,1907,1984,producer
tt39405685,The Man in the Mask,The Man in the Mask,1962,30,"Comedy,Family",7.6,23,10,producer,producer,4,37,Tony Owen,1907,1984,producer
tt41201724,The New Office,The New Office,1962,30,"Comedy,Family",7.4,20,9,producer,producer,4,22,Tony Owen,1907,1984,producer
tt57476729,Tinhorn,Tinhorn,1962,30,"Family,Western",7.6,91,6,writer,written by,4,24,Paul Mazursky,1930,2014,"actor,writer,director"
tt44290809,Safari,Safari,1962,60,"Comedy,Drama",6.4,11,10,cinematographer,director of photography,1,27,Lucien Ballard,1904,1988,"cinematographer,camera_department,miscellaneous"
tt12977043,The Clocks,The Clocks,1962,60,"Comedy,Drama",8.2,35,9,cinematographer,director of photography,1,26,Lucien Ballard,1904,1988,"cinematographer,camera_department,miscellaneous"
tt86612582,A Mans Castle,A Mans Castle,1962,60,Drama,7.0,6,9,cinematographer,director of photography,1,26,Lucien Ballard,1904,1988,"cinematographer,camera_department,miscellaneous"
tt77476978,Along Came a Spider,Along Came a Spider,1962,60,"Crime,Drama",8.2,13,8,producer,producer,1,31,Herbert Brodkin,1912,1990,"producer,set_decorator,actor"
tt51443311,Reunion with Death,Reunion with Death,1962,60,"Crime,Drama",8.4,24,8,producer,producer,1,29,Herbert Brodkin,1912,1990,"producer,set_decorator,actor"
tt25901812,Storm at Birch Glen,Storm at Birch Glen,1962,60,"Crime,Drama",7.7,15,8,producer,producer,1,19,Herbert Brodkin,1912,1990,"producer,set_decorator,actor"
tt14004197,The Bedside Murder,The Bedside Murder,1962,60,"Crime,Drama",8.5,18,8,producer,producer,1,17,Herbert Brodkin,1912,1990,"producer,set_decorator,actor"
tt10428592,The Benefactor,The Benefactor,1962,60,"Crime,Drama",8.3,36,8,producer,producer,1,30,Herbert Brodkin,1912,1990,"producer,set_decorator,actor"
tt66568574,The Broken Barrelhead,The Broken Barrelhead,1962,60,"Crime,Drama",8.4,16,8,producer,producer,1,32,Herbert Brodkin,1912,1990,"producer,set_decorator,actor"
tt70344808,The Crusader,The Crusader,1962,60,"Crime,Drama",7.9,11,8,producer,producer,1,23,Herbert Brodkin,1912,1990,"producer,set_decorator,actor"
tt80616128,The Empty Chute,The Empty Chute,1962,60,"Crime,Drama",8.0,16,8,producer,producer,1,22,Herbert Brodkin,1912,1990,"producer,set_decorator,actor"
tt77724756,The Hickory Indian,The Hickory Indian,1962,60,"Crime,Drama",7.9,15,8,producer,producer,1,24,Herbert Brodkin,1912,1990,"producer,set_decorator,actor"
tt50529665,The Iron Man,The Iron Man,1962,60,"Crime,Drama",8.0,13,8,producer,producer,1,25,Herbert Brodkin,1912,1990,"producer,set_decorator,actor"
tt82093033,The Last Six Months,The Last Six Months,1962,60,"Crime,Drama",8.0,14,8,producer,producer,1,27,Herbert Brodkin,1912,1990,"producer,set_decorator,actor"
tt73486078,The Locked Room,The Locked Room,1962,60,"Crime,Drama",8.3,17,8,producer,producer,1,21,Herbert Brodkin,1912,1990,"producer,set_decorator,actor"
tt42577775,The Naked Heiress,The Naked Heiress,1962,60,"Crime,Drama",8.2,16,8,producer,producer,1,28,Herbert Brodkin,1912,1990,"producer,set_decorator,actor"
tt85409482,The Point Shaver,The Point Shaver,1962,60,"Crime,Drama",8.0,13,8,producer,producer,1,20,Herbert Brodkin,1912,1990,"producer,set_decorator,actor"
tt79443577,The Search,The Search,1962,60,"Crime,Drama",8.2,21,7,producer,producer,1,18,Herbert Brodkin,1912,1990,"producer,set_decorator,actor"
tt20501470,The Tarnished Cross,The Tarnished Cross,1962,60,"Crime,Drama",7.9,17,7,producer,producer,1,26,Herbert Brodkin,1912,1990,"producer,set_decorator,actor"
tt28113722,Crossed Wires,Crossed Wires,1962,60,"Action,Crime,Drama",8.0,7,9,cinematographer,director of photography,3,14,Wilfrid M. Cline,1903,1976,"cinematographer,camera_department,editorial_department"
tt10685027,Finders Keepers,Finders Keepers,1962,60,"Action,Crime,Drama",7.2,6,9,cinematographer,director of photography,3,26,Wilfrid M. Cline,1903,1976,"cinematographer,camera_department,editorial_department"
tt66567719,Never the Twain,Never the Twain,1962,60,"Action,Crime,Drama",7.9,8,9,cinematographer,director of photography,3,23,Wilfrid M. Cline,1903,1976,"cinematographer,camera_department,editorial_department"
tt30078461,Night Boat,Night Boat,1962,60,"Action,Crime,Drama",7.9,9,9,cinematographer,director of photography,3,20,Wilfrid M. Cline,1903,1976,"cinematographer,camera_department,editorial_department"
tt17534063,Night on the Town,Night on the Town,1962,60,"Action,Crime,Drama",7.0,8,9,cinematographer,director of photography,3,15,Wilfrid M. Cline,1903,1976,"cinematographer,camera_department,editorial_department"
tt27644312,One Lousy Wednesday,One Lousy Wednesday,1962,60,"Action,Crime,Drama",7.1,8,9,cinematographer,director of photography,3,21,Wilfrid M. Cline,1903,1976,"cinematographer,camera_department,editorial_department"
tt65249771,Pandoras Box,Pandoras Box,1962,60,"Action,Crime,Drama",8.0,8,9,cinematographer,director of photography,3,16,Wilfrid M. Cline,1903,1976,"cinematographer,camera_department,editorial_department"
tt97360987,Point of No Return,Point of No Return,1962,60,"Action,Crime,Drama",7.7,10,9,cinematographer,director of photography,3,13,Wilfrid M. Cline,1903,1976,"cinematographer,camera_department,editorial_department"
tt19745642,Saturday Edition,Saturday Edition,1962,60,"Action,Crime,Drama",8.3,6,9,cinematographer,director of photography,3,30,Wilfrid M. Cline,1903,1976,"cinematographer,camera_department,editorial_department"
tt93398904,Strangers in the House,Strangers in the House,1962,60,"Action,Crime,Drama",7.3,11,9,cinematographer,director of photography,3,29,Wilfrid M. Cline,1903,1976,"cinematographer,camera_department,editorial_department"
tt29188685,The Con Man,The Con Man,1962,60,"Action,Crime,Drama",7.4,9,9,cinematographer,director of photography,3,22,Wilfrid M. Cline,1903,1976,"cinematographer,camera_department,editorial_department"
tt56046187,The Fourth Commandment,The Fourth Commandment,1962,60,"Action,Crime,Drama",7.6,8,9,cinematographer,director of photography,3,27,Wilfrid M. Cline,1903,1976,"cinematographer,camera_department,editorial_department"
tt86643617,The Jagged Edge,The Jagged Edge,1962,60,"Action,Crime,Drama",7.2,6,9,cinematographer,director of photography,3,17,Wilfrid M. Cline,1903,1976,"cinematographer,camera_department,editorial_department"
tt83733160,The Outsider,The Outsider,1962,60,"Action,Crime,Drama",7.2,10,9,cinematographer,director of photography,3,18,Wilfrid M. Cline,1903,1976,"cinematographer,camera_department,editorial_department"
tt89649694,Three Blind Mice Part 1,Three Blind Mice Part 1,1962,60,"Action,Crime,Drama",7.4,10,9,cinematographer,director of photography,3,24,Wilfrid M. Cline,1903,1976,"cinematographer,camera_department,editorial_department"
tt40783707,Three Blind Mice Part II,Three Blind Mice Part II,1962,60,"Action,Crime,Drama",7.4,9,9,cinematographer,director of photography,3,25,Wilfrid M. Cline,1903,1976,"cinematographer,camera_department,editorial_department"
tt62141321,Walk a Crooked Line,Walk a Crooked Line,1962,60,"Action,Crime,Drama",7.4,10,9,cinematographer,director of photography,3,19,Wilfrid M. Cline,1903,1976,"cinematographer,camera_department,editorial_department"
tt61435350,Run Till Its Dark,Run Till Its Dark,1962,60,"Comedy,Drama",7.7,16,9,cinematographer,director of photography,2,3,Wilfrid M. Cline,1903,1976,"cinematographer,camera_department,editorial_department"
tt99954161,Source of Information,Source of Information,1962,60,Drama,8.8,18,9,cinematographer,director of photography,1,5,Wilfrid M. Cline,1903,1976,"cinematographer,camera_department,editorial_department"
tt80121757,Luscious Lois,Luscious Lois,1962,60,Drama,8.5,9,9,producer,producer,1,9,Marc Daniels,1912,1989,"director,producer,actor"
tt86217544,Operation Holdout,Operation Holdout,1962,30,Comedy,6.3,7,6,writer,written by,1,6,Sheldon Keller,1923,2008,"writer,producer,script_department"
tt34452761,The Two Faces of Rob,The Two Faces of Rob,1962,30,"Comedy,Family",8.4,250,6,writer,written by,2,2,Sheldon Keller,1923,2008,"writer,producer,script_department"
tt61167623,Operation Benefit,Operation Benefit,1962,30,Comedy,6.8,12,6,writer,written by,1,4,Sheldon Keller,1923,2008,"writer,producer,script_department"
tt68060269,Operation Dinner Party,Operation Dinner Party,1962,30,Comedy,6.6,6,6,writer,writer,1,8,Sheldon Keller,1923,2008,"writer,producer,script_department"
tt74355878,Operation Jinx,Operation Jinx,1962,30,Comedy,6.8,11,6,writer,written by,1,5,Sheldon Keller,1923,2008,"writer,producer,script_department"
tt13647789,Little Red Fool House,Little Red Fool House,1962,6,"Animation,Comedy,Family",5.8,6,3,writer,story,2,15,Larz Bourne,1916,1993,"writer,miscellaneous,art_department"
tt11944003,Peanut Pilferer,Peanut Pilferer,1962,6,"Animation,Comedy,Family",7.0,6,4,writer,story,2,13,Larz Bourne,1916,1993,"writer,miscellaneous,art_department"
tt99378614,Koko Kate,Koko Kate,1962,60,"Action,Adventure,Crime",7.6,11,8,cinematographer,director of photography,3,38,Floyd Crosby,1899,1985,"cinematographer,camera_department,director"
tt64719672,A Piano in the House,A Piano in the House,1962,25,"Drama,Fantasy,Horror",7.5,2145,6,writer,written by,3,22,Earl Hamner Jr.,1923,2016,"writer,producer,actor"
tt65484432,The Hunt,The Hunt,1962,25,"Drama,Fantasy,Horror",7.9,2616,6,writer,written by,3,19,Earl Hamner Jr.,1923,2016,"writer,producer,actor"
tt38774766,Joeys Lucky Cuff Links,Joeys Lucky Cuff Links,1962,30,Comedy,7.1,14,9,writer,story,2,14,Garry Marshall,1934,2016,"writer,producer,actor"
tt12321612,Penguins Three,Penguins Three,1962,30,Comedy,7.0,12,7,writer,written by,2,2,Garry Marshall,1934,2016,"writer,producer,actor"
tt46495046,Thats Showbiz,Thats Showbiz,1962,30,Comedy,7.0,17,9,writer,story,1,26,Garry Marshall,1934,2016,"writer,producer,actor"
tt95311366,The Big Date,The Big Date,1962,30,Comedy,7.2,15,9,writer,story,1,24,Garry Marshall,1934,2016,"writer,producer,actor"
tt93259749,Crossed Wires,Crossed Wires,1962,60,"Action,Crime,Drama",8.0,7,7,producer,producer,3,14,Arthur H. Nadel,1921,1990,"miscellaneous,producer,editorial_department"
tt76086099,Finders Keepers,Finders Keepers,1962,60,"Action,Crime,Drama",7.2,6,7,producer,producer,3,26,Arthur H. Nadel,1921,1990,"miscellaneous,producer,editorial_department"
tt68089957,Never the Twain,Never the Twain,1962,60,"Action,Crime,Drama",7.9,8,7,producer,producer,3,23,Arthur H. Nadel,1921,1990,"miscellaneous,producer,editorial_department"
tt98987198,Night Boat,Night Boat,1962,60,"Action,Crime,Drama",7.9,9,7,producer,producer,3,20,Arthur H. Nadel,1921,1990,"miscellaneous,producer,editorial_department"
tt40368414,Night on the Town,Night on the Town,1962,60,"Action,Crime,Drama",7.0,8,7,producer,producer,3,15,Arthur H. Nadel,1921,1990,"miscellaneous,producer,editorial_department"
tt74179124,One Lousy Wednesday,One Lousy Wednesday,1962,60,"Action,Crime,Drama",7.1,8,7,producer,producer,3,21,Arthur H. Nadel,1921,1990,"miscellaneous,producer,editorial_department"
tt20575273,Pandoras Box,Pandoras Box,1962,60,"Action,Crime,Drama",8.0,8,7,producer,producer,3,16,Arthur H. Nadel,1921,1990,"miscellaneous,producer,editorial_department"
tt20518535,Point of No Return,Point of No Return,1962,60,"Action,Crime,Drama",7.7,10,7,producer,producer,3,13,Arthur H. Nadel,1921,1990,"miscellaneous,producer,editorial_department"
tt59443502,Saturday Edition,Saturday Edition,1962,60,"Action,Crime,Drama",8.3,6,7,producer,producer,3,30,Arthur H. Nadel,1921,1990,"miscellaneous,producer,editorial_department"
tt58191650,Strangers in the House,Strangers in the House,1962,60,"Action,Crime,Drama",7.3,11,7,producer,producer,3,29,Arthur H. Nadel,1921,1990,"miscellaneous,producer,editorial_department"
tt16284452,The Con Man,The Con Man,1962,60,"Action,Crime,Drama",7.4,9,7,producer,producer,3,22,Arthur H. Nadel,1921,1990,"miscellaneous,producer,editorial_department"
tt64979820,The Fourth Commandment,The Fourth Commandment,1962,60,"Action,Crime,Drama",7.6,8,7,producer,producer,3,27,Arthur H. Nadel,1921,1990,"miscellaneous,producer,editorial_department"
tt83618835,The Jagged Edge,The Jagged Edge,1962,60,"Action,Crime,Drama",7.2,6,7,producer,producer,3,17,Arthur H. Nadel,1921,1990,"miscellaneous,producer,editorial_department"
tt61467504,The Outsider,The Outsider,1962,60,"Action,Crime,Drama",7.2,10,7,producer,producer,3,18,Arthur H. Nadel,1921,1990,"miscellaneous,producer,editorial_department"
tt89430119,Three Blind Mice Part 1,Three Blind Mice Part 1,1962,60,"Action,Crime,Drama",7.4,10,7,producer,producer,3,24,Arthur H. Nadel,1921,1990,"miscellaneous,producer,editorial_department"
tt16608477,Three Blind Mice Part II,Three Blind Mice Part II,1962,60,"Action,Crime,Drama",7.4,9,7,producer,producer,3,25,Arthur H. Nadel,1921,1990,"miscellaneous,producer,editorial_department"
tt38592342,Walk a Crooked Line,Walk a Crooked Line,1962,60,"Action,Crime,Drama",7.4,10,7,producer,producer,3,19,Arthur H. Nadel,1921,1990,"miscellaneous,producer,editorial_department"
tt23731361,The Case of the Lurid Letter,The Case of the Lurid Letter,1962,60,"Crime,Drama,Mystery",8.4,271,8,writer,"from a story 'The Man with Half a Face"" by",6,10,Judson Philips,1903,1989,writer
tt56080894,A Lamp for Dave  June,A Lamp for Dave  June,1962,30,"Comedy,Drama,Family",6.6,26,8,cinematographer,director of photography,10,16,Robert C. Moreno,1913,2000,"cinematographer,camera_department"
tt18722791,Lonesome Parents,Lonesome Parents,1962,30,"Comedy,Drama,Family",6.6,24,8,cinematographer,director of photography,10,21,Robert C. Moreno,1913,2000,"cinematographer,camera_department"
tt55093522,Rick the Host,Rick the Host,1962,30,"Comedy,Drama,Family",6.8,15,8,cinematographer,director of photography,11,9,Robert C. Moreno,1913,2000,"cinematographer,camera_department"
tt78628235,The Tigers Go to a Dance,The Tigers Go to a Dance,1962,30,"Comedy,Drama,Family",6.9,22,8,cinematographer,director of photography,11,6,Robert C. Moreno,1913,2000,"cinematographer,camera_department"
tt59904114,The Most Amazing Man,The Most Amazing Man,1962,30,"Family,Western",8.5,130,6,writer,written by,5,9,Robert Lewin,1920,2004,"producer,writer,miscellaneous"
tt96485988,My Native Land,My Native Land,1962,60,Drama,7.0,8,8,writer,teleplay,1,24,Jerry Sohl,1913,2002,writer
tt91709054,The Knight,The Knight,1962,30,Western,7.5,58,6,writer,written by,5,38,John D.F. Black,1932,2018,"writer,producer,director"
tt87823886,Get Out of Town,Get Out of Town,1962,30,Western,8.0,24,6,writer,teleplay,4,36,John D.F. Black,1932,2018,"writer,producer,director"
tt99635127,Jailbreak,Jailbreak,1962,30,Western,7.5,30,6,writer,teleplay,4,39,John D.F. Black,1932,2018,"writer,producer,director"
tt79167427,The Barber,The Barber,1962,30,Western,7.9,29,6,writer,writer,4,24,John D.F. Black,1932,2018,"writer,producer,director"
tt74119184,The Doctor,The Doctor,1962,30,Western,8.5,25,6,writer,teleplay,4,34,John D.F. Black,1932,2018,"writer,producer,director"
tt91559818,The Vintage,The Vintage,1962,30,Western,7.8,30,6,writer,writer,4,19,John D.F. Black,1932,2018,"writer,producer,director"
tt69154435,The Cooker in the Sky,The Cooker in the Sky,1962,52,"Action,Crime,Drama",7.1,45,6,writer,written by,4,2,John D.F. Black,1932,2018,"writer,producer,director"
tt42862815,Death of a Great Dane,Death of a Great Dane,1962,54,"Action,Comedy,Crime",6.9,126,9,production_designer,designer,2,8,Patrick Downing,1928,2005,"production_designer,art_department"
tt14194487,The Removal Men,The Removal Men,1962,53,"Action,Comedy,Crime",6.6,113,9,production_designer,designer,2,6,Patrick Downing,1928,2005,"production_designer,art_department"
tt59138171,The Faith of Aaron Menefee,The Faith of Aaron Menefee,1962,30,"Comedy,Crime,Drama",6.9,305,7,writer,story,7,17,Stanley Ellin,1916,1986,writer
tt36930123,The Unwanted,The Unwanted,1962,30,"Adventure,Drama,Family",8.1,17,6,writer,writer,8,30,Eric Freiwald,1927,2010,"writer,miscellaneous,music_department"
tt71682792,Fawn Patrol,Fawn Patrol,1962,30,"Adventure,Drama,Family",7.4,15,7,writer,character,9,6,Eric Knight,1897,1943,writer
tt51221690,Gentle Savage,Gentle Savage,1962,30,"Adventure,Drama,Family",7.4,15,7,writer,character,9,7,Eric Knight,1897,1943,writer
tt45042836,Howling Hero,Howling Hero,1962,30,"Adventure,Drama,Family",7.6,15,6,writer,character,9,10,Eric Knight,1897,1943,writer
tt91014770,Lassies Ordeal,Lassies Ordeal,1962,30,"Adventure,Drama,Family",7.4,15,6,writer,character,9,9,Eric Knight,1897,1943,writer
tt63308560,Lassies Protege,Lassies Protege,1962,30,"Adventure,Drama,Family",7.1,18,7,writer,character,8,17,Eric Knight,1897,1943,writer
tt32350909,Show Dog,Show Dog,1962,30,"Adventure,Drama,Family",8.0,16,6,writer,character,9,12,Eric Knight,1897,1943,writer
tt53726429,Lassie and the Tiger,Lassie and the Tiger,1962,30,"Adventure,Drama,Family",7.7,20,6,writer,character,8,36,Eric Knight,1897,1943,writer
tt97037045,The Odyssey Part 1,The Odyssey Part 1,1962,30,"Adventure,Drama,Family",8.0,17,6,writer,character,8,23,Eric Knight,1897,1943,writer
tt53088253,The Odyssey Part 2,The Odyssey Part 2,1962,30,"Adventure,Drama,Family",8.0,17,6,writer,character,8,24,Eric Knight,1897,1943,writer
tt55417291,Lassie and the Eagle,Lassie and the Eagle,1962,30,"Adventure,Drama,Family",8.0,19,6,writer,character,8,28,Eric Knight,1897,1943,writer
tt20590813,The Odyssey Part 3,The Odyssey Part 3,1962,30,"Adventure,Drama,Family",8.2,18,6,writer,character,8,25,Eric Knight,1897,1943,writer
tt14840256,The Unwanted,The Unwanted,1962,30,"Adventure,Drama,Family",8.1,17,7,writer,writer,8,30,Robert Schaefer,1926,2006,"writer,miscellaneous,music_department"
tt20073542,Fawn Patrol,Fawn Patrol,1962,30,"Adventure,Drama,Family",7.4,15,8,producer,producer,9,6,Robert Golden,1912,2005,"producer,editor,editorial_department"
tt89562955,Gentle Savage,Gentle Savage,1962,30,"Adventure,Drama,Family",7.4,15,8,producer,producer,9,7,Robert Golden,1912,2005,"producer,editor,editorial_department"
tt64620331,Howling Hero,Howling Hero,1962,30,"Adventure,Drama,Family",7.6,15,8,producer,producer,9,10,Robert Golden,1912,2005,"producer,editor,editorial_department"
tt18842943,Lassies Ordeal,Lassies Ordeal,1962,30,"Adventure,Drama,Family",7.4,15,8,producer,producer,9,9,Robert Golden,1912,2005,"producer,editor,editorial_department"
tt97137890,Lassies Protege,Lassies Protege,1962,30,"Adventure,Drama,Family",7.1,18,8,producer,producer,8,17,Robert Golden,1912,2005,"producer,editor,editorial_department"
tt30968370,Show Dog,Show Dog,1962,30,"Adventure,Drama,Family",8.0,16,8,producer,producer,9,12,Robert Golden,1912,2005,"producer,editor,editorial_department"
tt69600010,Lassie and the Tiger,Lassie and the Tiger,1962,30,"Adventure,Drama,Family",7.7,20,8,producer,producer,8,36,Robert Golden,1912,2005,"producer,editor,editorial_department"
tt44621018,The Odyssey Part 1,The Odyssey Part 1,1962,30,"Adventure,Drama,Family",8.0,17,8,producer,producer,8,23,Robert Golden,1912,2005,"producer,editor,editorial_department"
tt69645479,The Odyssey Part 2,The Odyssey Part 2,1962,30,"Adventure,Drama,Family",8.0,17,8,producer,producer,8,24,Robert Golden,1912,2005,"producer,editor,editorial_department"
tt62167194,Lassie and the Eagle,Lassie and the Eagle,1962,30,"Adventure,Drama,Family",8.0,19,8,producer,producer,8,28,Robert Golden,1912,2005,"producer,editor,editorial_department"
tt31078411,The Odyssey Part 3,The Odyssey Part 3,1962,30,"Adventure,Drama,Family",8.2,18,8,producer,producer,8,25,Robert Golden,1912,2005,"producer,editor,editorial_department"
tt91820176,The Hike,The Hike,1962,30,"Adventure,Drama,Family",7.8,15,7,producer,producer,8,20,Robert Golden,1912,2005,"producer,editor,editorial_department"
tt37951674,Casey,Casey,1962,30,"Adventure,Drama,Family",6.8,16,7,producer,producer,8,22,Robert Golden,1912,2005,"producer,editor,editorial_department"
tt45308693,Bird of Prey,Bird of Prey,1962,30,"Adventure,Drama,Family",7.2,15,7,producer,producer,8,21,Robert Golden,1912,2005,"producer,editor,editorial_department"
tt82385609,Eager Beaver,Eager Beaver,1962,30,"Adventure,Drama,Family",7.5,17,7,producer,producer,8,27,Robert Golden,1912,2005,"producer,editor,editorial_department"
tt66202836,The Unwanted,The Unwanted,1962,30,"Adventure,Drama,Family",8.1,17,8,producer,producer,8,30,Robert Golden,1912,2005,"producer,editor,editorial_department"
tt39579518,Lassies Good Deed,Lassies Good Deed,1962,30,"Adventure,Drama,Family",7.7,17,7,producer,producer,8,32,Robert Golden,1912,2005,"producer,editor,editorial_department"
tt77401638,Lassie and the Calf,Lassie and the Calf,1962,30,"Adventure,Drama,Family",8.0,17,7,producer,producer,8,34,Robert Golden,1912,2005,"producer,editor,editorial_department"
tt48209691,Elephant Sitters,Elephant Sitters,1962,30,"Adventure,Drama,Family",7.9,17,7,producer,producer,8,35,Robert Golden,1912,2005,"producer,editor,editorial_department"
tt70570082,Desperate Search,Desperate Search,1962,30,"Adventure,Drama,Family",7.3,16,7,producer,producer,9,3,Robert Golden,1912,2005,"producer,editor,editorial_department"
tt13814894,Quick Brown Fox,Quick Brown Fox,1962,30,"Adventure,Drama,Family",7.2,16,7,producer,producer,9,2,Robert Golden,1912,2005,"producer,editor,editorial_department"
tt46178040,Fine Feathered Friend,Fine Feathered Friend,1962,30,"Adventure,Drama,Family",7.1,18,7,producer,producer,9,1,Robert Golden,1912,2005,"producer,editor,editorial_department"
tt43949252,Home Within a Home,Home Within a Home,1962,30,"Adventure,Drama,Family",7.5,16,7,producer,producer,9,4,Robert Golden,1912,2005,"producer,editor,editorial_department"
tt23205563,Deadly Goats,Deadly Goats,1962,30,"Adventure,Drama,Family",7.3,16,7,producer,producer,9,5,Robert Golden,1912,2005,"producer,editor,editorial_department"
tt93482453,A Place to Die,A Place to Die,1962,60,"Action,Drama,War",7.2,6,6,writer,writer,1,12,Herman Groves,1927,2010,"writer,miscellaneous,producer"
tt73973171,The Hunt,The Hunt,1962,30,Western,6.6,74,6,writer,written by,5,21,Herman Groves,1927,2010,"writer,miscellaneous,producer"
tt58511099,The Assailants,The Assailants,1962,30,"Family,Western",8.4,101,6,writer,written by,5,7,Herman Groves,1927,2010,"writer,miscellaneous,producer"
tt21841501,A Fist of Five,A Fist of Five,1962,52,"Action,Crime,Drama",8.0,58,7,writer,written by,4,10,Herman Groves,1927,2010,"writer,miscellaneous,producer"
tt27928484,Elegy,Elegy,1962,52,"Action,Crime,Drama",7.5,53,7,writer,written by,4,8,Herman Groves,1927,2010,"writer,miscellaneous,producer"
tt33228597,The Prisoner,The Prisoner,1962,60,"Action,Drama,War",8.2,122,7,writer,teleplay,1,12,James S. Henerson,1936,2020,"writer,producer,miscellaneous"
tt41785412,PartTime Friend,PartTime Friend,1962,30,Comedy,6.4,7,7,writer,written by,1,5,Arthur Alsberg,1917,2004,"miscellaneous,writer,producer"
tt38271086,The Bad Old Days,The Bad Old Days,1962,30,"Comedy,Family",6.4,229,6,writer,written by,1,28,Norm Liebmann,1928,2010,"writer,miscellaneous,producer"
tt31346696,The Boarder Incident,The Boarder Incident,1962,30,"Comedy,Family",6.9,222,6,writer,written by,1,21,Norm Liebmann,1928,2010,"writer,miscellaneous,producer"
tt92290338,The Offer,The Offer,1962,30,Comedy,6.9,15,4,writer,writer,1,4,Alan Simpson,1929,2017,"writer,actor,producer"
tt41847078,The Bird,The Bird,1962,29,Comedy,8.0,59,5,writer,written by,1,2,Alan Simpson,1929,2017,"writer,actor,producer"
tt97620313,The Diploma,The Diploma,1962,28,Comedy,7.1,51,5,writer,written by,1,5,Alan Simpson,1929,2017,"writer,actor,producer"
tt51709296,The Economist,The Economist,1962,28,Comedy,7.4,50,5,writer,written by,1,4,Alan Simpson,1929,2017,"writer,actor,producer"
tt59414454,The Holiday,The Holiday,1962,29,Comedy,8.0,43,6,writer,written by,1,6,Alan Simpson,1929,2017,"writer,actor,producer"
tt23801285,The Piano,The Piano,1962,29,Comedy,8.0,55,6,writer,written by,1,3,Alan Simpson,1929,2017,"writer,actor,producer"
tt79098378,The Offer Pilot,The Offer Pilot,1962,29,Comedy,7.5,70,3,writer,writer,1,1,Alan Simpson,1929,2017,"writer,actor,producer"
tt60293194,The Offer,The Offer,1962,30,Comedy,6.9,15,5,writer,writer,1,4,Ray Galton,1930,2018,"writer,producer,actor"
tt43136535,The Bird,The Bird,1962,29,Comedy,8.0,59,6,writer,written by,1,2,Ray Galton,1930,2018,"writer,producer,actor"
tt36318678,The Diploma,The Diploma,1962,28,Comedy,7.1,51,6,writer,written by,1,5,Ray Galton,1930,2018,"writer,producer,actor"
tt75741475,The Economist,The Economist,1962,28,Comedy,7.4,50,6,writer,written by,1,4,Ray Galton,1930,2018,"writer,producer,actor"
tt88676414,The Holiday,The Holiday,1962,29,Comedy,8.0,43,7,writer,written by,1,6,Ray Galton,1930,2018,"writer,producer,actor"
tt84726252,The Piano,The Piano,1962,29,Comedy,8.0,55,7,writer,written by,1,3,Ray Galton,1930,2018,"writer,producer,actor"
tt10514228,The Offer Pilot,The Offer Pilot,1962,29,Comedy,7.5,70,4,writer,writer,1,1,Ray Galton,1930,2018,"writer,producer,actor"
tt59957465,Elly Races Jethrine,Elly Races Jethrine,1962,30,"Comedy,Family",7.5,127,6,writer,created by,1,11,Paul Henning,1911,2005,"writer,producer,soundtrack"
tt24971572,Ellys First Date,Ellys First Date,1962,30,"Comedy,Family",7.8,157,6,writer,created by,1,9,Paul Henning,1911,2005,"writer,producer,soundtrack"
tt46099395,Home for Christmas,Home for Christmas,1962,26,"Comedy,Family",7.9,179,6,writer,created by,1,13,Paul Henning,1911,2005,"writer,producer,soundtrack"
tt71093351,Jed Buys Stock,Jed Buys Stock,1962,30,"Comedy,Family",8.2,151,6,writer,created by,1,5,Paul Henning,1911,2005,"writer,producer,soundtrack"
tt90186494,Jethro Goes to School,Jethro Goes to School,1962,30,"Comedy,Family",7.8,154,6,writer,created by,1,8,Paul Henning,1911,2005,"writer,producer,soundtrack"
tt26906480,Meanwhile Back at the Cabin,Meanwhile Back at the Cabin,1962,30,"Comedy,Family",7.9,178,6,writer,created by,1,3,Paul Henning,1911,2005,"writer,producer,soundtrack"
tt62599467,No Place Like Home,No Place Like Home,1962,30,"Comedy,Family",7.3,140,6,writer,created by,1,14,Paul Henning,1911,2005,"writer,producer,soundtrack"
tt67976209,Pygmalion and Elly,Pygmalion and Elly,1962,30,"Comedy,Family",7.5,135,6,writer,created by,1,10,Paul Henning,1911,2005,"writer,producer,soundtrack"
tt92019619,The Clampetts Strike Oil,The Clampetts Strike Oil,1962,58,"Comedy,Family",8.4,303,6,writer,created by,1,1,Paul Henning,1911,2005,"writer,producer,soundtrack"
tt94690160,The Great Feud,The Great Feud,1962,30,"Comedy,Family",8.2,143,6,writer,created by,1,12,Paul Henning,1911,2005,"writer,producer,soundtrack"
tt89557728,The Servants,The Servants,1962,30,"Comedy,Family",7.9,141,6,writer,created by,1,7,Paul Henning,1911,2005,"writer,producer,soundtrack"
tt18739706,Trick or Treat,Trick or Treat,1962,30,"Comedy,Family",7.8,158,6,writer,created by,1,6,Paul Henning,1911,2005,"writer,producer,soundtrack"
tt26550149,Getting Settled,Getting Settled,1962,30,"Comedy,Family",8.1,205,6,writer,created by,1,2,Paul Henning,1911,2005,"writer,producer,soundtrack"
tt48805913,The Clampetts Meet Mrs Drysdale,The Clampetts Meet Mrs Drysdale,1962,30,"Comedy,Family",8.1,172,6,writer,created by,1,4,Paul Henning,1911,2005,"writer,producer,soundtrack"
tt45085167,Pictures Dont Lie,Pictures Dont Lie,1962,60,"Drama,Horror,Sci-Fi",8.9,10,7,writer,writer,1,8,Bruce Stewart,1925,2005,"writer,actor"
tt48602207,How to Cheat an Honest Man,How to Cheat an Honest Man,1962,26,"Comedy,Family",7.6,24,8,writer,story,3,33,Rod Amateau,1923,2003,"producer,director,writer"
tt32474676,The Sweet Success of Smell,The Sweet Success of Smell,1962,26,"Comedy,Family",7.9,28,8,producer,producer,3,28,Rod Amateau,1923,2003,"producer,director,writer"
tt75800156,For Whom the Wedding Bell Tolls,For Whom the Wedding Bell Tolls,1962,26,"Comedy,Family",7.6,29,8,producer,producer,3,17,Rod Amateau,1923,2003,"producer,director,writer"
tt77475902,Happiness Cant Buy Money,Happiness Cant Buy Money,1962,26,"Comedy,Family",7.8,23,8,producer,producer,3,15,Rod Amateau,1923,2003,"producer,director,writer"
tt16443309,I Remember Muu Muu,I Remember Muu Muu,1962,26,"Comedy,Family",7.8,27,8,producer,producer,3,27,Rod Amateau,1923,2003,"producer,director,writer"
tt85299635,Like Oh Brother,Like Oh Brother,1962,26,"Comedy,Family",8.0,24,9,producer,producer,3,22,Rod Amateau,1923,2003,"producer,director,writer"
tt44802141,The Frats in the Fire,The Frats in the Fire,1962,26,"Comedy,Family",8.2,22,8,producer,producer,3,36,Rod Amateau,1923,2003,"producer,director,writer"
tt73128324,Bachelor Father and Son,Bachelor Father and Son,1962,26,"Comedy,Family",8.4,26,8,producer,producer,3,34,Rod Amateau,1923,2003,"producer,director,writer"
tt94522570,Back to Nature Boy,Back to Nature Boy,1962,25,"Comedy,Family",7.5,16,8,producer,producer,3,32,Rod Amateau,1923,2003,"producer,director,writer"
tt85256106,I Was a Boy Sorority Girl,I Was a Boy Sorority Girl,1962,26,"Comedy,Family",7.3,25,8,producer,producer,3,30,Rod Amateau,1923,2003,"producer,director,writer"
tt92853856,Strictly for the Birds,Strictly for the Birds,1962,26,"Comedy,Family",7.1,23,9,producer,producer,4,10,Rod Amateau,1923,2003,"producer,director,writer"
tt76791007,What Makes the Varsity Drag,What Makes the Varsity Drag,1962,26,"Comedy,Family",7.6,28,9,producer,producer,4,6,Rod Amateau,1923,2003,"producer,director,writer"
tt95459092,Matter of Honor,Matter of Honor,1962,30,Western,8.8,21,8,cinematographer,director of photography,10,20,Emmett Bergholz,1910,1988,"cinematographer,camera_department"
tt46431140,Davys Friend,Davys Friend,1962,30,Western,7.7,29,8,cinematographer,director of photography,11,9,Emmett Bergholz,1910,1988,"cinematographer,camera_department"
tt79853608,The Grass Man,The Grass Man,1962,30,Western,8.0,31,9,cinematographer,director of photography,11,8,Emmett Bergholz,1910,1988,"cinematographer,camera_department"
tt15379260,Suzie,Suzie,1962,25,Western,8.4,24,10,cinematographer,director of photography,11,3,Emmett Bergholz,1910,1988,"cinematographer,camera_department"
tt53812743,To Walk with Greatness,To Walk with Greatness,1962,24,Western,8.1,33,9,cinematographer,director of photography,11,7,Emmett Bergholz,1910,1988,"cinematographer,camera_department"
tt48128224,Operation Daddy,Operation Daddy,1962,30,Comedy,6.0,6,7,writer,written by,1,3,Tom Adair,1913,1988,"writer,soundtrack,music_department"
tt11983438,Operation Mess,Operation Mess,1962,30,Comedy,6.5,7,7,writer,written by,1,9,Tom Adair,1913,1988,"writer,soundtrack,music_department"
tt50672758,Andy and the New Mayor,Andy and the New Mayor,1962,26,"Comedy,Family",7.5,285,7,writer,written by,3,3,R.S. Allen,1924,1981,"writer,producer"
tt59809743,Mr McBeevee,Mr McBeevee,1962,26,"Comedy,Family",8.7,466,6,writer,written by,3,1,R.S. Allen,1924,1981,"writer,producer"
tt97930746,The Bed Jacket,The Bed Jacket,1962,30,"Comedy,Family",7.8,319,7,writer,written by,3,12,R.S. Allen,1924,1981,"writer,producer"
tt91012838,The Bookie Barber,The Bookie Barber,1962,25,"Comedy,Family",8.0,298,7,writer,written by,2,28,R.S. Allen,1924,1981,"writer,producer"
tt60836635,The Cow Thief,The Cow Thief,1962,26,"Comedy,Family",8.5,340,6,writer,written by,3,5,R.S. Allen,1924,1981,"writer,producer"
tt38501548,A Hunting We Will Go,A Hunting We Will Go,1962,30,"Comedy,Family",6.9,9,7,writer,written by,10,7,R.S. Allen,1924,1981,"writer,producer"
tt73920051,Dannys English Friend,Dannys English Friend,1962,30,"Comedy,Family",8.0,8,6,writer,written by,10,12,R.S. Allen,1924,1981,"writer,producer"
tt92076309,Bank Book 6565696,Bank Book 6565696,1962,30,"Comedy,Family",7.5,217,6,writer,written by,2,4,R.S. Allen,1924,1981,"writer,producer"
tt13426567,Jetsons Nite Out,Jetsons Nite Out,1962,30,"Animation,Comedy,Family",7.4,161,8,writer,story,1,3,R.S. Allen,1924,1981,"writer,producer"
tt59350073,Test Pilot,Test Pilot,1962,30,"Animation,Comedy,Family",7.0,131,8,writer,story,1,15,R.S. Allen,1924,1981,"writer,producer"
tt23206572,The Smart Aleck,The Smart Aleck,1962,30,"Comedy,Family",7.2,12,6,writer,written by,9,30,R.S. Allen,1924,1981,"writer,producer"
tt23081999,Three Strikes and Out,Three Strikes and Out,1962,30,"Comedy,Family",8.4,18,7,writer,written by,6,2,R.S. Allen,1924,1981,"writer,producer"
tt13803631,Andy and Barney in the Big City,Andy and Barney in the Big City,1962,26,"Comedy,Family",8.5,330,6,writer,written by,2,25,Harvey Bullock,1921,2006,"writer,producer,miscellaneous"
tt17913108,Andy and the New Mayor,Andy and the New Mayor,1962,26,"Comedy,Family",7.5,285,6,writer,written by,3,3,Harvey Bullock,1921,2006,"writer,producer,miscellaneous"
tt82954697,Jailbreak,Jailbreak,1962,26,"Comedy,Family",8.6,338,6,writer,written by,2,18,Harvey Bullock,1921,2006,"writer,producer,miscellaneous"
tt32848486,Mr McBeevee,Mr McBeevee,1962,26,"Comedy,Family",8.7,466,7,writer,written by,3,1,Harvey Bullock,1921,2006,"writer,producer,miscellaneous"
tt98939656,OnePunch Opie,OnePunch Opie,1962,30,"Comedy,Family",7.9,306,6,writer,written by,3,14,Harvey Bullock,1921,2006,"writer,producer,miscellaneous"
tt66875994,The Bed Jacket,The Bed Jacket,1962,30,"Comedy,Family",7.8,319,6,writer,written by,3,12,Harvey Bullock,1921,2006,"writer,producer,miscellaneous"
tt57850757,The Bookie Barber,The Bookie Barber,1962,25,"Comedy,Family",8.0,298,6,writer,written by,2,28,Harvey Bullock,1921,2006,"writer,producer,miscellaneous"
tt50519015,The Cow Thief,The Cow Thief,1962,26,"Comedy,Family",8.5,340,7,writer,written by,3,5,Harvey Bullock,1921,2006,"writer,producer,miscellaneous"
tt41941892,Wedding Bells for Aunt Bee,Wedding Bells for Aunt Bee,1962,26,"Comedy,Family",7.1,276,6,writer,written by,2,26,Harvey Bullock,1921,2006,"writer,producer,miscellaneous"
tt48923422,Ladies Day,Ladies Day,1962,30,"Adventure,Animation,Comedy",7.4,162,7,writer,written by,3,11,Harvey Bullock,1921,2006,"writer,producer,miscellaneous"
tt19088876,A Hunting We Will Go,A Hunting We Will Go,1962,30,"Comedy,Family",6.9,9,6,writer,written by,10,7,Harvey Bullock,1921,2006,"writer,producer,miscellaneous"
tt52304423,Dannys English Friend,Dannys English Friend,1962,30,"Comedy,Family",8.0,8,5,writer,written by,10,12,Harvey Bullock,1921,2006,"writer,producer,miscellaneous"
tt24884119,Bubble Bubble Toil and Trouble,Bubble Bubble Toil and Trouble,1962,30,"Comedy,Family",8.4,19,6,writer,written by,5,27,Harvey Bullock,1921,2006,"writer,producer,miscellaneous"
tt35901158,Bank Book 6565696,Bank Book 6565696,1962,30,"Comedy,Family",7.5,217,7,writer,written by,2,4,Harvey Bullock,1921,2006,"writer,producer,miscellaneous"
tt78899045,A Date with Jet Screamer,A Date with Jet Screamer,1962,30,"Animation,Comedy,Family",7.2,206,7,writer,story,1,2,Harvey Bullock,1921,2006,"writer,producer,miscellaneous"
tt85180369,Jetsons Nite Out,Jetsons Nite Out,1962,30,"Animation,Comedy,Family",7.4,161,7,writer,story,1,3,Harvey Bullock,1921,2006,"writer,producer,miscellaneous"
tt31195124,Test Pilot,Test Pilot,1962,30,"Animation,Comedy,Family",7.0,131,7,writer,story,1,15,Harvey Bullock,1921,2006,"writer,producer,miscellaneous"
tt46251219,The Smart Aleck,The Smart Aleck,1962,30,"Comedy,Family",7.2,12,7,writer,written by,9,30,Harvey Bullock,1921,2006,"writer,producer,miscellaneous"
tt91100493,Three Strikes and Out,Three Strikes and Out,1962,30,"Comedy,Family",8.4,18,6,writer,written by,6,2,Harvey Bullock,1921,2006,"writer,producer,miscellaneous"
tt26053623,Youre as Young as You Feel,Youre as Young as You Feel,1962,30,"Comedy,Family",8.2,16,6,writer,written by,5,21,Harvey Bullock,1921,2006,"writer,producer,miscellaneous"
tt98714164,Kelly the Yes Man,Kelly the Yes Man,1962,30,"Comedy,Family",6.0,7,7,writer,written by,5,16,Ben Starr,1921,2014,"writer,producer,script_department"
tt83927423,No Strings Attached,No Strings Attached,1962,60,"Comedy,Drama",8.3,10,6,writer,written by,1,29,Ben Starr,1921,2014,"writer,producer,script_department"
tt61734452,Special Assignment,Special Assignment,1962,60,"Comedy,Drama",8.2,27,7,writer,written by,2,1,Ben Starr,1921,2014,"writer,producer,script_department"
tt95773253,Disappearing Horse,Disappearing Horse,1962,30,"Comedy,Family,Fantasy",7.2,32,7,writer,written by,3,10,Ben Starr,1921,2014,"writer,producer,script_department"
tt40744402,Ed Gets Amnesia,Ed Gets Amnesia,1962,30,"Comedy,Family,Fantasy",7.6,39,7,writer,written by,3,1,Ben Starr,1921,2014,"writer,producer,script_department"
tt93159159,Ed and Paul Revere,Ed and Paul Revere,1962,30,"Comedy,Family,Fantasy",7.4,31,7,writer,written by,3,11,Ben Starr,1921,2014,"writer,producer,script_department"
tt12891918,Ed and the Allergy,Ed and the Allergy,1962,30,"Comedy,Family,Fantasy",7.5,32,7,writer,written by,3,5,Ben Starr,1921,2014,"writer,producer,script_department"
tt37680992,Ed the Matchmaker,Ed the Matchmaker,1962,30,"Comedy,Family,Fantasy",7.3,36,7,writer,written by,2,26,Ben Starr,1921,2014,"writer,producer,script_department"
tt50520924,Ed the Pilgrim,Ed the Pilgrim,1962,30,"Comedy,Family,Fantasy",7.2,30,8,writer,written by,3,9,Ben Starr,1921,2014,"writer,producer,script_department"
tt33246067,Horse Party,Horse Party,1962,30,"Comedy,Family,Fantasy",7.8,31,8,writer,written by,3,8,Ben Starr,1921,2014,"writer,producer,script_department"
tt81275511,Horse Sense,Horse Sense,1962,30,"Comedy,Family,Fantasy",7.9,38,7,writer,written by,3,6,Ben Starr,1921,2014,"writer,producer,script_department"
tt86878691,Horse of a Different Color,Horse of a Different Color,1962,30,"Comedy,Family,Fantasy",7.8,27,8,writer,written by,3,13,Ben Starr,1921,2014,"writer,producer,script_department"
tt30002746,The Bashful Clipper,The Bashful Clipper,1962,30,"Comedy,Family,Fantasy",7.5,36,7,writer,written by,3,4,Ben Starr,1921,2014,"writer,producer,script_department"
tt87289829,Wilbur and Ed in Show Biz,Wilbur and Ed in Show Biz,1962,30,"Comedy,Family,Fantasy",7.2,35,7,writer,written by,3,3,Ben Starr,1921,2014,"writer,producer,script_department"
tt35376962,Wilbur in the Lions Den,Wilbur in the Lions Den,1962,30,"Comedy,Family,Fantasy",8.2,36,7,writer,written by,3,7,Ben Starr,1921,2014,"writer,producer,script_department"
tt69239079,Wilbur the Good Samaritan,Wilbur the Good Samaritan,1962,30,"Comedy,Family,Fantasy",8.1,39,7,writer,written by,3,2,Ben Starr,1921,2014,"writer,producer,script_department"
tt39795528,Wilbur the Masher,Wilbur the Masher,1962,30,"Comedy,Family,Fantasy",8.2,35,7,writer,written by,3,12,Ben Starr,1921,2014,"writer,producer,script_department"
tt16347980,The Iron Man,The Iron Man,1962,60,"Crime,Drama",8.0,13,6,writer,written by,1,25,David Davidson,1908,1985,writer
tt83254855,Going Steady,Going Steady,1962,30,"Comedy,Family",6.8,36,6,writer,written by,3,14,AJ Carothers,1931,2007,"writer,script_department,miscellaneous"
tt58317334,A Lamp for Dave  June,A Lamp for Dave  June,1962,30,"Comedy,Drama,Family",6.6,26,5,writer,screenplay,10,16,Don Nelson,1927,2013,"writer,miscellaneous,producer"
tt97932730,Lending Money to Wally,Lending Money to Wally,1962,30,"Comedy,Drama,Family",8.3,10,5,writer,screenplay,10,20,Don Nelson,1927,2013,"writer,miscellaneous,producer"
tt87869075,Making Wally Study,Making Wally Study,1962,30,"Comedy,Drama,Family",7.1,32,6,writer,screenplay,10,19,Don Nelson,1927,2013,"writer,miscellaneous,producer"
tt98140987,Rick and the Maid of Honor,Rick and the Maid of Honor,1962,30,"Comedy,Drama,Family",6.9,33,5,writer,screenplay,11,1,Don Nelson,1927,2013,"writer,miscellaneous,producer"
tt88293377,The Randolphs Niece,The Randolphs Niece,1962,30,"Comedy,Drama,Family",7.3,19,7,writer,screenplay,10,15,Don Nelson,1927,2013,"writer,miscellaneous,producer"
tt41396949,Clients Daughter,Clients Daughter,1962,30,"Comedy,Drama,Family",6.8,9,7,writer,screenplay,10,22,Don Nelson,1927,2013,"writer,miscellaneous,producer"
tt96703554,Little Handprints in the Sidewalk,Little Handprints in the Sidewalk,1962,30,"Comedy,Drama,Family",7.8,17,7,writer,screenplay,10,25,Don Nelson,1927,2013,"writer,miscellaneous,producer"
tt41370660,Lonesome Parents,Lonesome Parents,1962,30,"Comedy,Drama,Family",6.6,24,7,writer,screenplay,10,21,Don Nelson,1927,2013,"writer,miscellaneous,producer"
tt76260135,Losing Miss Edwards,Losing Miss Edwards,1962,30,"Comedy,Drama,Family",7.4,11,5,writer,screenplay,11,10,Don Nelson,1927,2013,"writer,miscellaneous,producer"
tt77605610,Rick Sends a Picture,Rick Sends a Picture,1962,30,"Comedy,Drama,Family",7.2,17,7,writer,screenplay,11,8,Don Nelson,1927,2013,"writer,miscellaneous,producer"
tt81837449,Rick the Host,Rick the Host,1962,30,"Comedy,Drama,Family",6.8,15,6,writer,written by,11,9,Don Nelson,1927,2013,"writer,miscellaneous,producer"
tt87392549,The Tigers Go to a Dance,The Tigers Go to a Dance,1962,30,"Comedy,Drama,Family",6.9,22,6,writer,screenplay,11,6,Don Nelson,1927,2013,"writer,miscellaneous,producer"
tt85850131,The Trip to Mexico,The Trip to Mexico,1962,30,"Comedy,Drama,Family",7.4,11,7,writer,screenplay,11,5,Don Nelson,1927,2013,"writer,miscellaneous,producer"
tt92704150,Mrs Bradfords Recipe,Mrs Bradfords Recipe,1962,30,"Comedy,Drama,Family",8.2,10,7,writer,screenplay,11,2,Don Nelson,1927,2013,"writer,miscellaneous,producer"
tt85702892,Backyard Pet Show,Backyard Pet Show,1962,30,"Comedy,Drama,Family",7.7,10,7,writer,screenplay,10,13,Don Nelson,1927,2013,"writer,miscellaneous,producer"
tt39695437,Operation Barry,Operation Barry,1962,30,"Comedy,Drama,Family",7.4,15,7,writer,screenplay,10,18,Don Nelson,1927,2013,"writer,miscellaneous,producer"
tt96357054,The Special Cake,The Special Cake,1962,30,"Comedy,Drama,Family",8.0,12,7,writer,screenplay,10,14,Don Nelson,1927,2013,"writer,miscellaneous,producer"
tt52493617,An Old Friend of Junes,An Old Friend of Junes,1962,30,"Comedy,Drama,Family",7.0,14,7,writer,screenplay,11,11,Don Nelson,1927,2013,"writer,miscellaneous,producer"
tt14084503,The Worlds Greatest Robbery Part 1,The Worlds Greatest Robbery Part 1,1962,60,"Comedy,Drama,Musical",7.0,11,6,writer,writer,1,21,Loring Mandel,1928,2020,writer
tt88619313,Trail of Hatred,Trail of Hatred,1962,60,Western,8.1,21,7,writer,teleplay,4,9,Cy Chermak,1929,2021,"producer,writer,miscellaneous"
tt48658679,Cétait écrit,Cétait écrit,1962,114,"Crime,Drama",7.8,7,6,writer,adaptation & dialogue,1,25,Jacques Rémy,1911,1981,"writer,assistant_director,director"
tt72900636,Crossed Wires,Crossed Wires,1962,60,"Action,Crime,Drama",8.0,7,6,writer,written by,3,14,Antony Ellis,1920,1967,"producer,writer"
tt39211148,The Clocks,The Clocks,1962,60,"Comedy,Drama",8.2,35,6,writer,written by,1,26,Charles Bennett,1899,1995,"writer,director,actor"
tt84315588,Strange Miracle,Strange Miracle,1962,30,"Comedy,Crime,Drama",7.0,307,7,writer,teleplay,7,19,Halsted Welles,1906,1990,"writer,producer"
tt85228332,The Silk Petticoat,The Silk Petticoat,1962,30,"Comedy,Crime,Drama",7.3,336,8,writer,teleplay,7,13,Halsted Welles,1906,1990,"writer,producer"
tt36371951,Pilot,Pilot,1962,60,"Action,Drama,War",8.0,20,7,writer,teleplay,1,1,Halsted Welles,1906,1990,"writer,producer"
tt52403542,A Hot Day for a Hanging,A Hot Day for a Hanging,1962,60,Western,6.9,113,7,writer,written by,4,4,Elliott Arnold,1912,1980,"writer,miscellaneous"
tt93857545,The Lady from Baltimore,The Lady from Baltimore,1962,60,Western,7.0,122,6,writer,written by,3,17,Elliott Arnold,1912,1980,"writer,miscellaneous"
tt68628298,The ChildWoman,The ChildWoman,1962,51,Western,7.7,70,6,writer,teleplay,4,24,Elliott Arnold,1912,1980,"writer,miscellaneous"
tt65361845,The Immigrants,The Immigrants,1962,51,Western,7.2,66,6,writer,written by,4,23,Elliott Arnold,1912,1980,"writer,miscellaneous"
tt54120493,Reunion,Reunion,1962,51,Western,7.9,69,6,writer,written by,4,26,Elliott Arnold,1912,1980,"writer,miscellaneous"
tt25276208,Bad Blood,Bad Blood,1962,60,Western,8.4,54,7,writer,writer,4,10,Herman Miller,1919,1999,"writer,producer,miscellaneous"
tt85846729,Hans Brinker or the Silver Skates Part 1,Hans Brinker or the Silver Skates Part 1,1962,60,"Adventure,Drama,Family",7.6,110,10,editor,film editor,8,13,Jack Atwood,1912,1984,"assistant_director,editor"
tt66207458,Hans Brinker or the Silver Skates Part 1,Hans Brinker or the Silver Skates Part 1,1962,60,"Adventure,Drama,Family",7.6,110,6,writer,based on a book by,8,13,Mary Mapes Dodge,1831,1905,writer
tt55446810,Hans Brinker or the Silver Skates Part 2,Hans Brinker or the Silver Skates Part 2,1962,60,"Adventure,Drama,Family",7.5,55,6,writer,based on a book by,8,14,Mary Mapes Dodge,1831,1905,writer
tt35698301,Hans Brinker or the Silver Skates Part 1,Hans Brinker or the Silver Skates Part 1,1962,60,"Adventure,Drama,Family",7.6,110,9,cinematographer,director of photography,8,13,Gunnar Fischer,1910,2011,"cinematographer,camera_department,director"
tt48171529,An Attractive Family,An Attractive Family,1962,60,"Crime,Drama,Horror",7.3,141,6,writer,adaptation,2,15,Robert Arthur,1909,1969,writer
tt15542702,Hercule Poirot,Hercule Poirot,1962,30,"Comedy,Drama",8.0,10,7,writer,teleplay,10,27,Barré Lyndon,1896,1972,"writer,miscellaneous"
tt62481427,Dont Look Behind You,Dont Look Behind You,1962,60,"Crime,Drama,Horror",6.9,595,6,writer,teleplay,1,2,Barré Lyndon,1896,1972,"writer,miscellaneous"
tt15574166,Flowers of Evil,Flowers of Evil,1962,60,"Crime,Drama,Horror",6.2,117,6,writer,adaptation,2,23,Barré Lyndon,1896,1972,"writer,miscellaneous"
tt75932797,Hercule Poirot,Hercule Poirot,1962,30,"Comedy,Drama",8.0,10,8,producer,producer,10,27,Buck Houghton,1915,1999,"producer,writer,miscellaneous"
tt32337865,A Piano in the House,A Piano in the House,1962,25,"Drama,Fantasy,Horror",7.5,2145,8,producer,producer,3,22,Buck Houghton,1915,1999,"producer,writer,miscellaneous"
tt16468041,Cavender Is Coming,Cavender Is Coming,1962,25,"Drama,Fantasy,Horror",5.9,1914,7,producer,producer,3,36,Buck Houghton,1915,1999,"producer,writer,miscellaneous"
tt77962248,Dead Mans Shoes,Dead Mans Shoes,1962,25,"Drama,Fantasy,Horror",7.4,2077,9,producer,producer,3,18,Buck Houghton,1915,1999,"producer,writer,miscellaneous"
tt15813804,Four OClock,Four OClock,1962,25,"Drama,Fantasy,Horror",6.4,1924,8,producer,producer,3,29,Buck Houghton,1915,1999,"producer,writer,miscellaneous"
tt48783312,HocusPocus and Frisby,HocusPocus and Frisby,1962,25,"Drama,Fantasy,Horror",7.3,2111,8,producer,producer,3,30,Buck Houghton,1915,1999,"producer,writer,miscellaneous"
tt51710476,I Sing the Body Electric,I Sing the Body Electric,1962,25,"Drama,Fantasy,Horror",7.1,2196,9,producer,producer,3,35,Buck Houghton,1915,1999,"producer,writer,miscellaneous"
tt38264712,Kick the Can,Kick the Can,1962,25,"Drama,Fantasy,Horror",7.5,2419,9,producer,producer,3,21,Buck Houghton,1915,1999,"producer,writer,miscellaneous"
tt74170346,Little Girl Lost,Little Girl Lost,1962,25,"Drama,Fantasy,Horror",8.0,2618,7,producer,producer,3,26,Buck Houghton,1915,1999,"producer,writer,miscellaneous"
tt57690073,Nothing in the Dark,Nothing in the Dark,1962,25,"Drama,Fantasy,Horror",8.3,3049,7,producer,producer,3,16,Buck Houghton,1915,1999,"producer,writer,miscellaneous"
tt39669267,One More Pallbearer,One More Pallbearer,1962,25,"Drama,Fantasy,Horror",7.3,2073,7,producer,producer,3,17,Buck Houghton,1915,1999,"producer,writer,miscellaneous"
tt91678970,Person or Persons Unknown,Person or Persons Unknown,1962,25,"Drama,Fantasy,Horror",7.8,2202,8,producer,producer,3,27,Buck Houghton,1915,1999,"producer,writer,miscellaneous"
tt27020684,Showdown with Rance McGrew,Showdown with Rance McGrew,1962,25,"Drama,Fantasy,Horror",6.2,1957,9,producer,producer,3,20,Buck Houghton,1915,1999,"producer,writer,miscellaneous"
tt38414891,The Changing of the Guard,The Changing of the Guard,1962,25,"Drama,Fantasy,Horror",8.2,2456,7,producer,producer,3,37,Buck Houghton,1915,1999,"producer,writer,miscellaneous"
tt25388853,The Dummy,The Dummy,1962,25,"Drama,Fantasy,Horror",7.7,2362,8,producer,producer,3,33,Buck Houghton,1915,1999,"producer,writer,miscellaneous"
tt97755242,The Fugitive,The Fugitive,1962,25,"Drama,Fantasy,Horror",7.5,2167,9,producer,producer,3,25,Buck Houghton,1915,1999,"producer,writer,miscellaneous"
tt18899050,The Gift,The Gift,1962,25,"Drama,Fantasy,Horror",6.7,1827,7,producer,producer,3,32,Buck Houghton,1915,1999,"producer,writer,miscellaneous"
tt37730201,The Hunt,The Hunt,1962,25,"Drama,Fantasy,Horror",7.9,2616,8,producer,producer,3,19,Buck Houghton,1915,1999,"producer,writer,miscellaneous"
tt70318728,The Last Rites of Jeff Myrtlebank,The Last Rites of Jeff Myrtlebank,1962,25,"Drama,Fantasy,Horror",7.1,2065,7,producer,producer,3,23,Buck Houghton,1915,1999,"producer,writer,miscellaneous"
tt59193112,The Little People,The Little People,1962,25,"Drama,Fantasy,Horror",7.9,2384,7,producer,producer,3,28,Buck Houghton,1915,1999,"producer,writer,miscellaneous"
tt93027218,The TradeIns,The TradeIns,1962,25,"Drama,Fantasy,Horror",7.7,2115,7,producer,producer,3,31,Buck Houghton,1915,1999,"producer,writer,miscellaneous"
tt16417045,To Serve Man,To Serve Man,1962,25,"Drama,Fantasy,Horror",9.0,4737,8,producer,producer,3,24,Buck Houghton,1915,1999,"producer,writer,miscellaneous"
tt99536354,Young Mans Fancy,Young Mans Fancy,1962,25,"Drama,Fantasy,Horror",6.5,1749,8,producer,producer,3,34,Buck Houghton,1915,1999,"producer,writer,miscellaneous"
tt88895680,The Iceman Goeth,The Iceman Goeth,1962,30,Comedy,7.8,9,10,writer,writer,11,21,Sherwood Schwartz,1916,2011,"writer,soundtrack,producer"
tt35901070,The Dalton Gals,The Dalton Gals,1962,30,Comedy,7.8,7,10,writer,writer,11,26,Sherwood Schwartz,1916,2011,"writer,soundtrack,producer"
tt94427425,Tramps First Bite,Tramps First Bite,1962,30,"Comedy,Family",6.1,51,6,writer,written by,3,3,Austin Kalish,1921,2016,"writer,producer,script_department"
tt98159487,Tramps First Bite,Tramps First Bite,1962,30,"Comedy,Family",6.1,51,7,writer,written by,3,3,Elroy Schwartz,1923,2013,"writer,script_department,producer"
tt99472513,Operation Dinner Party,Operation Dinner Party,1962,30,Comedy,6.6,6,9,producer,producer,1,8,Bob Claver,1928,2017,"producer,director,writer"
tt86284542,Chriss New Years Eve Party,Chriss New Years Eve Party,1962,30,Comedy,7.6,65,8,writer,written by,1,14,Bob Weiskopf,1914,2001,"writer,script_department,miscellaneous"
tt72795940,Lucy Becomes an Astronaut,Lucy Becomes an Astronaut,1962,30,Comedy,7.7,63,8,writer,written by,1,6,Bob Weiskopf,1914,2001,"writer,script_department,miscellaneous"
tt10781175,Lucy Builds a Rumpus Room,Lucy Builds a Rumpus Room,1962,30,Comedy,8.5,69,8,writer,written by,1,11,Bob Weiskopf,1914,2001,"writer,script_department,miscellaneous"
tt20812946,Lucy Buys a Sheep,Lucy Buys a Sheep,1962,30,Comedy,7.8,81,8,writer,written by,1,5,Bob Weiskopf,1914,2001,"writer,script_department,miscellaneous"
tt55721683,Lucy Digs Up a Date,Lucy Digs Up a Date,1962,30,Comedy,8.0,89,8,writer,written by,1,2,Bob Weiskopf,1914,2001,"writer,script_department,miscellaneous"
tt50678232,Lucy Is a Kangaroo for a Day,Lucy Is a Kangaroo for a Day,1962,30,Comedy,8.3,83,8,writer,written by,1,7,Bob Weiskopf,1914,2001,"writer,script_department,miscellaneous"
tt12070115,Lucy Is a Referee,Lucy Is a Referee,1962,30,Comedy,7.6,79,8,writer,written by,1,3,Bob Weiskopf,1914,2001,"writer,script_department,miscellaneous"
tt84389067,Lucy Misplaces 2000,Lucy Misplaces 2000,1962,30,Comedy,8.1,86,8,writer,written by,1,4,Bob Weiskopf,1914,2001,"writer,script_department,miscellaneous"
tt68932741,Lucy Puts Up a TV Antenna,Lucy Puts Up a TV Antenna,1962,30,Comedy,8.9,83,8,writer,written by,1,9,Bob Weiskopf,1914,2001,"writer,script_department,miscellaneous"
tt44480100,Lucy Waits Up for Chris,Lucy Waits Up for Chris,1962,30,Comedy,7.5,110,8,writer,written by,1,1,Bob Weiskopf,1914,2001,"writer,script_department,miscellaneous"
tt30235287,Lucy the Music Lover,Lucy the Music Lover,1962,30,Comedy,7.4,68,8,writer,written by,1,8,Bob Weiskopf,1914,2001,"writer,script_department,miscellaneous"
tt56859153,Together for Christmas,Together for Christmas,1962,30,Comedy,8.1,100,8,writer,written by,1,13,Bob Weiskopf,1914,2001,"writer,script_department,miscellaneous"
tt39283721,Vivian Sues Lucy,Vivian Sues Lucy,1962,30,Comedy,8.3,67,8,writer,written by,1,10,Bob Weiskopf,1914,2001,"writer,script_department,miscellaneous"
tt69782627,Lucy and Her Electric Mattress,Lucy and Her Electric Mattress,1962,30,Comedy,8.7,85,8,writer,written by,1,12,Bob Weiskopf,1914,2001,"writer,script_department,miscellaneous"
tt30394906,Chriss New Years Eve Party,Chriss New Years Eve Party,1962,30,Comedy,7.6,65,7,writer,written by,1,14,Madelyn Davis,1921,2011,"writer,producer,script_department"
tt88861120,Lucy Becomes an Astronaut,Lucy Becomes an Astronaut,1962,30,Comedy,7.7,63,7,writer,written by,1,6,Madelyn Davis,1921,2011,"writer,producer,script_department"
tt38920556,Lucy Builds a Rumpus Room,Lucy Builds a Rumpus Room,1962,30,Comedy,8.5,69,7,writer,written by,1,11,Madelyn Davis,1921,2011,"writer,producer,script_department"
tt25565719,Lucy Buys a Sheep,Lucy Buys a Sheep,1962,30,Comedy,7.8,81,7,writer,written by,1,5,Madelyn Davis,1921,2011,"writer,producer,script_department"
tt63028342,Lucy Digs Up a Date,Lucy Digs Up a Date,1962,30,Comedy,8.0,89,7,writer,written by,1,2,Madelyn Davis,1921,2011,"writer,producer,script_department"
tt74541584,Lucy Is a Kangaroo for a Day,Lucy Is a Kangaroo for a Day,1962,30,Comedy,8.3,83,7,writer,written by,1,7,Madelyn Davis,1921,2011,"writer,producer,script_department"
tt10713780,Lucy Is a Referee,Lucy Is a Referee,1962,30,Comedy,7.6,79,7,writer,written by,1,3,Madelyn Davis,1921,2011,"writer,producer,script_department"
tt29968473,Lucy Misplaces 2000,Lucy Misplaces 2000,1962,30,Comedy,8.1,86,7,writer,written by,1,4,Madelyn Davis,1921,2011,"writer,producer,script_department"
tt85144691,Lucy Puts Up a TV Antenna,Lucy Puts Up a TV Antenna,1962,30,Comedy,8.9,83,7,writer,written by,1,9,Madelyn Davis,1921,2011,"writer,producer,script_department"
tt20414474,Lucy Waits Up for Chris,Lucy Waits Up for Chris,1962,30,Comedy,7.5,110,7,writer,written by,1,1,Madelyn Davis,1921,2011,"writer,producer,script_department"
tt19089973,Lucy the Music Lover,Lucy the Music Lover,1962,30,Comedy,7.4,68,7,writer,written by,1,8,Madelyn Davis,1921,2011,"writer,producer,script_department"
tt43562914,Together for Christmas,Together for Christmas,1962,30,Comedy,8.1,100,7,writer,written by,1,13,Madelyn Davis,1921,2011,"writer,producer,script_department"
tt71847982,Vivian Sues Lucy,Vivian Sues Lucy,1962,30,Comedy,8.3,67,7,writer,written by,1,10,Madelyn Davis,1921,2011,"writer,producer,script_department"
tt43238051,Lucy and Her Electric Mattress,Lucy and Her Electric Mattress,1962,30,Comedy,8.7,85,7,writer,written by,1,12,Madelyn Davis,1921,2011,"writer,producer,script_department"
tt43602925,Chriss New Years Eve Party,Chriss New Years Eve Party,1962,30,Comedy,7.6,65,6,writer,written by,1,14,Bob Carroll Jr.,1918,2007,"writer,producer,script_department"
tt83392031,Lucy Becomes an Astronaut,Lucy Becomes an Astronaut,1962,30,Comedy,7.7,63,6,writer,written by,1,6,Bob Carroll Jr.,1918,2007,"writer,producer,script_department"
tt74689390,Lucy Builds a Rumpus Room,Lucy Builds a Rumpus Room,1962,30,Comedy,8.5,69,6,writer,written by,1,11,Bob Carroll Jr.,1918,2007,"writer,producer,script_department"
tt89132658,Lucy Buys a Sheep,Lucy Buys a Sheep,1962,30,Comedy,7.8,81,6,writer,written by,1,5,Bob Carroll Jr.,1918,2007,"writer,producer,script_department"
tt93713353,Lucy Digs Up a Date,Lucy Digs Up a Date,1962,30,Comedy,8.0,89,6,writer,written by,1,2,Bob Carroll Jr.,1918,2007,"writer,producer,script_department"
tt23738562,Lucy Is a Kangaroo for a Day,Lucy Is a Kangaroo for a Day,1962,30,Comedy,8.3,83,6,writer,written by,1,7,Bob Carroll Jr.,1918,2007,"writer,producer,script_department"
tt46349183,Lucy Is a Referee,Lucy Is a Referee,1962,30,Comedy,7.6,79,6,writer,written by,1,3,Bob Carroll Jr.,1918,2007,"writer,producer,script_department"
tt59653089,Lucy Misplaces 2000,Lucy Misplaces 2000,1962,30,Comedy,8.1,86,6,writer,written by,1,4,Bob Carroll Jr.,1918,2007,"writer,producer,script_department"
tt76058831,Lucy Puts Up a TV Antenna,Lucy Puts Up a TV Antenna,1962,30,Comedy,8.9,83,6,writer,written by,1,9,Bob Carroll Jr.,1918,2007,"writer,producer,script_department"
tt97866901,Lucy Waits Up for Chris,Lucy Waits Up for Chris,1962,30,Comedy,7.5,110,6,writer,written by,1,1,Bob Carroll Jr.,1918,2007,"writer,producer,script_department"
tt98618210,Lucy the Music Lover,Lucy the Music Lover,1962,30,Comedy,7.4,68,6,writer,written by,1,8,Bob Carroll Jr.,1918,2007,"writer,producer,script_department"
tt89474519,Together for Christmas,Together for Christmas,1962,30,Comedy,8.1,100,6,writer,written by,1,13,Bob Carroll Jr.,1918,2007,"writer,producer,script_department"
tt30154612,Vivian Sues Lucy,Vivian Sues Lucy,1962,30,Comedy,8.3,67,6,writer,written by,1,10,Bob Carroll Jr.,1918,2007,"writer,producer,script_department"
tt66396966,Lucy and Her Electric Mattress,Lucy and Her Electric Mattress,1962,30,Comedy,8.7,85,6,writer,written by,1,12,Bob Carroll Jr.,1918,2007,"writer,producer,script_department"
tt20559756,Chriss New Years Eve Party,Chriss New Years Eve Party,1962,30,Comedy,7.6,65,9,writer,written by,1,14,Bob Schiller,1918,2017,"writer,script_department,miscellaneous"
tt63651090,Lucy Becomes an Astronaut,Lucy Becomes an Astronaut,1962,30,Comedy,7.7,63,9,writer,written by,1,6,Bob Schiller,1918,2017,"writer,script_department,miscellaneous"
tt88821805,Lucy Builds a Rumpus Room,Lucy Builds a Rumpus Room,1962,30,Comedy,8.5,69,9,writer,written by,1,11,Bob Schiller,1918,2017,"writer,script_department,miscellaneous"
tt95870682,Lucy Buys a Sheep,Lucy Buys a Sheep,1962,30,Comedy,7.8,81,9,writer,written by,1,5,Bob Schiller,1918,2017,"writer,script_department,miscellaneous"
tt54742467,Lucy Digs Up a Date,Lucy Digs Up a Date,1962,30,Comedy,8.0,89,9,writer,written by,1,2,Bob Schiller,1918,2017,"writer,script_department,miscellaneous"
tt58784929,Lucy Is a Kangaroo for a Day,Lucy Is a Kangaroo for a Day,1962,30,Comedy,8.3,83,9,writer,written by,1,7,Bob Schiller,1918,2017,"writer,script_department,miscellaneous"
tt76573728,Lucy Is a Referee,Lucy Is a Referee,1962,30,Comedy,7.6,79,9,writer,written by,1,3,Bob Schiller,1918,2017,"writer,script_department,miscellaneous"
tt88706300,Lucy Misplaces 2000,Lucy Misplaces 2000,1962,30,Comedy,8.1,86,9,writer,written by,1,4,Bob Schiller,1918,2017,"writer,script_department,miscellaneous"
tt64565765,Lucy Puts Up a TV Antenna,Lucy Puts Up a TV Antenna,1962,30,Comedy,8.9,83,9,writer,written by,1,9,Bob Schiller,1918,2017,"writer,script_department,miscellaneous"
tt65724989,Lucy Waits Up for Chris,Lucy Waits Up for Chris,1962,30,Comedy,7.5,110,9,writer,written by,1,1,Bob Schiller,1918,2017,"writer,script_department,miscellaneous"
tt30852230,Lucy the Music Lover,Lucy the Music Lover,1962,30,Comedy,7.4,68,9,writer,written by,1,8,Bob Schiller,1918,2017,"writer,script_department,miscellaneous"
tt31806656,Together for Christmas,Together for Christmas,1962,30,Comedy,8.1,100,9,writer,written by,1,13,Bob Schiller,1918,2017,"writer,script_department,miscellaneous"
tt54136622,Vivian Sues Lucy,Vivian Sues Lucy,1962,30,Comedy,8.3,67,9,writer,written by,1,10,Bob Schiller,1918,2017,"writer,script_department,miscellaneous"
tt31702582,Lucy and Her Electric Mattress,Lucy and Her Electric Mattress,1962,30,Comedy,8.7,85,9,writer,written by,1,12,Bob Schiller,1918,2017,"writer,script_department,miscellaneous"
tt75359816,Annabel,Annabel,1962,60,"Crime,Drama,Horror",7.5,442,10,cinematographer,director of photography,1,7,John L. Russell,1905,1967,"cinematographer,camera_department,sound_department"
tt77435334,The Black Curtain,The Black Curtain,1962,48,"Crime,Drama,Horror",7.1,427,10,cinematographer,director of photography,1,9,John L. Russell,1905,1967,"cinematographer,camera_department,sound_department"
tt65617385,Dont Look Behind You,Dont Look Behind You,1962,60,"Crime,Drama,Horror",6.9,595,10,cinematographer,director of photography,1,2,John L. Russell,1905,1967,"cinematographer,camera_department,sound_department"
tt90748887,Final Vow,Final Vow,1962,49,"Crime,Drama,Horror",7.3,395,8,cinematographer,director of photography,1,6,John L. Russell,1905,1967,"cinematographer,camera_department,sound_department"
tt36252237,Night of the Owl,Night of the Owl,1962,60,"Crime,Drama,Horror",7.0,421,10,cinematographer,director of photography,1,3,John L. Russell,1905,1967,"cinematographer,camera_department,sound_department"
tt38827793,A Piece of the Action,A Piece of the Action,1962,60,"Crime,Drama,Horror",7.6,625,10,cinematographer,director of photography,1,1,John L. Russell,1905,1967,"cinematographer,camera_department,sound_department"
tt74664993,Most Likely to Succeed,Most Likely to Succeed,1962,30,"Comedy,Crime,Drama",7.7,376,8,cinematographer,director of photography,7,31,John L. Russell,1905,1967,"cinematographer,camera_department,sound_department"
tt32556799,Strange Miracle,Strange Miracle,1962,30,"Comedy,Crime,Drama",7.0,307,9,cinematographer,director of photography,7,19,John L. Russell,1905,1967,"cinematographer,camera_department,sound_department"
tt56904150,The Big Kick,The Big Kick,1962,30,"Comedy,Crime,Drama",6.2,316,8,cinematographer,director of photography,7,37,John L. Russell,1905,1967,"cinematographer,camera_department,sound_department"
tt95650014,The Matched Pearl,The Matched Pearl,1962,30,"Comedy,Crime,Drama",7.6,347,8,cinematographer,director of photography,7,29,John L. Russell,1905,1967,"cinematographer,camera_department,sound_department"
tt94582997,The Silk Petticoat,The Silk Petticoat,1962,30,"Comedy,Crime,Drama",7.3,336,10,cinematographer,director of photography,7,13,John L. Russell,1905,1967,"cinematographer,camera_department,sound_department"
tt73863550,The Sorcerers Apprentice,The Sorcerers Apprentice,1962,30,"Comedy,Crime,Drama",7.1,683,8,cinematographer,director of photography,7,39,John L. Russell,1905,1967,"cinematographer,camera_department,sound_department"
tt38855486,Quick Shuffle,Quick Shuffle,1962,60,Western,5.6,8,9,cinematographer,director of photography,1,14,John L. Russell,1905,1967,"cinematographer,camera_department,sound_department"
tt98677096,The Balloon Girl,The Balloon Girl,1962,60,Western,6.2,6,8,cinematographer,director of photography,1,12,John L. Russell,1905,1967,"cinematographer,camera_department,sound_department"
tt98679577,Operation Wedding Party,Operation Wedding Party,1962,30,"Comedy,War",7.4,59,8,cinematographer,director of photography,1,6,John L. Russell,1905,1967,"cinematographer,camera_department,sound_department"
tt56307569,Quarantine,Quarantine,1962,30,Western,7.0,8,10,cinematographer,director of photography,2,28,John L. Russell,1905,1967,"cinematographer,camera_department,sound_department"
tt73030506,The Black Robe,The Black Robe,1962,30,Western,6.9,11,10,cinematographer,director of photography,2,35,John L. Russell,1905,1967,"cinematographer,camera_department,sound_department"
tt53556920,The Four Queens,The Four Queens,1962,30,Western,7.5,8,10,cinematographer,director of photography,2,29,John L. Russell,1905,1967,"cinematographer,camera_department,sound_department"
tt34710877,Three for All,Three for All,1962,30,Western,5.9,10,10,cinematographer,director of photography,2,27,John L. Russell,1905,1967,"cinematographer,camera_department,sound_department"
tt98137205,Annabel,Annabel,1962,60,"Crime,Drama,Horror",7.5,442,6,writer,teleplay,1,7,Robert Bloch,1917,1994,writer
tt88695860,Bad Actor,Bad Actor,1962,30,"Comedy,Crime,Drama",6.9,336,6,writer,teleplay,7,14,Robert Bloch,1917,1994,writer
tt49913601,The Big Kick,The Big Kick,1962,30,"Comedy,Crime,Drama",6.2,316,6,writer,story,7,37,Robert Bloch,1917,1994,writer
tt67722555,The Sorcerers Apprentice,The Sorcerers Apprentice,1962,30,"Comedy,Crime,Drama",7.1,683,6,writer,teleplay,7,39,Robert Bloch,1917,1994,writer
tt36912487,I Kiss Your Shadow,I Kiss Your Shadow,1962,60,Drama,6.8,19,7,writer,short story,1,26,Robert Bloch,1917,1994,writer
tt98404897,Til Death Do Us Part,Til Death Do Us Part,1962,60,"Crime,Drama,Horror",7.2,116,6,writer,adaptation,2,24,Robert Bloch,1917,1994,writer
tt80423975,Man of Mystery,Man of Mystery,1962,60,"Crime,Drama,Horror",7.7,97,6,writer,adaptation,2,27,Robert Bloch,1917,1994,writer
tt54386065,Waxworks,Waxworks,1962,60,"Crime,Drama,Horror",7.6,153,6,writer,adaptation,2,16,Robert Bloch,1917,1994,writer
tt59030920,What Frightened You Fred,What Frightened You Fred,1962,30,"Comedy,Crime,Drama",6.5,258,7,writer,story,7,30,Jack Ritchie,1922,1983,writer
tt14913357,The Black Curtain,The Black Curtain,1962,48,"Crime,Drama,Horror",7.1,427,6,writer,teleplay,1,9,Joel Murcott,1915,1978,"writer,miscellaneous,producer"
tt40648087,What Frightened You Fred,What Frightened You Fred,1962,30,"Comedy,Crime,Drama",6.5,258,6,writer,teleplay,7,30,Joel Murcott,1915,1978,"writer,miscellaneous,producer"
tt36944013,The Parallel Caper,The Parallel Caper,1962,60,"Action,Crime,Drama",7.6,34,8,cinematographer,director of photography,4,23,Robert Tobey,1904,1973,"cinematographer,camera_department"
tt52203621,A Sure Thing,A Sure Thing,1962,60,Western,8.6,23,9,cinematographer,director of photography,4,8,Robert Tobey,1904,1973,"cinematographer,camera_department"
tt49031535,The Missile Rogues,The Missile Rogues,1962,60,"Action,Adventure,Crime",6.7,13,10,cinematographer,director of photography,3,15,Robert Tobey,1904,1973,"cinematographer,camera_department"
tt82988773,The Quarterback,The Quarterback,1962,60,Drama,8.8,8,8,cinematographer,director of photography,2,16,Robert Tobey,1904,1973,"cinematographer,camera_department"
tt72026897,Bonfire,Bonfire,1962,49,"Crime,Drama,Horror",6.7,340,6,writer,teleplay,1,13,William D. Gordon,1918,1991,"miscellaneous,producer,writer"
tt40617076,The Storm,The Storm,1962,60,"Crime,Drama,Horror",7.6,168,6,writer,adaptation,2,18,William D. Gordon,1918,1991,"miscellaneous,producer,writer"
tt33227546,Bonfire,Bonfire,1962,49,"Crime,Drama,Horror",6.7,340,7,writer,teleplay,1,13,Alfred Hayes,1911,1985,"writer,soundtrack,miscellaneous"
tt39627867,A Piece of the Action,A Piece of the Action,1962,60,"Crime,Drama,Horror",7.6,625,6,writer,teleplay,1,1,Alfred Hayes,1911,1985,"writer,soundtrack,miscellaneous"
tt31167567,The Black Curtain,The Black Curtain,1962,48,"Crime,Drama,Horror",7.1,427,7,writer,"novel ""The Black Curtain""",1,9,Cornell Woolrich,1903,1968,writer
tt78033457,Impasse,Impasse,1962,75,Western,7.9,103,6,writer,story,1,8,Bernard Girard,1918,1997,"director,writer,producer"
tt66640552,How Howard Won His C,How Howard Won His C,1962,30,"Comedy,Family",6.9,9,10,cinematographer,director of photography,5,18,Lionel Lindon,1905,1971,"cinematographer,camera_department"
tt22326764,Death Beyond Recall,Death Beyond Recall,1962,60,"Crime,Drama,Mystery",6.3,8,9,cinematographer,director of photography,2,17,Lionel Lindon,1905,1971,"cinematographer,camera_department"
tt20092658,Big Day Great Day,Big Day Great Day,1962,75,Western,7.2,86,9,cinematographer,director of photography,1,6,Lionel Lindon,1905,1971,"cinematographer,camera_department"
tt10515531,It Tolls for Thee,It Tolls for Thee,1962,75,Western,7.9,110,8,cinematographer,director of photography,1,9,Lionel Lindon,1905,1971,"cinematographer,camera_department"
tt20666754,RiffRaff,RiffRaff,1962,73,Western,7.4,99,10,cinematographer,director of photography,1,7,Lionel Lindon,1905,1971,"cinematographer,camera_department"
tt90463465,The Big Deal,The Big Deal,1962,75,Western,7.6,92,10,cinematographer,director of photography,1,4,Lionel Lindon,1905,1971,"cinematographer,camera_department"
tt36090676,The Brazen Bell,The Brazen Bell,1962,75,Western,7.8,116,9,cinematographer,director of photography,1,5,Lionel Lindon,1905,1971,"cinematographer,camera_department"
tt56270572,Throw a Long Rope,Throw a Long Rope,1962,73,Western,8.0,122,10,cinematographer,director of photography,1,3,Lionel Lindon,1905,1971,"cinematographer,camera_department"
tt27120573,Woman from White Wing,Woman from White Wing,1962,75,Western,8.0,124,10,cinematographer,director of photography,1,2,Lionel Lindon,1905,1971,"cinematographer,camera_department"
tt76317838,Ride the Nightmare,Ride the Nightmare,1962,60,"Crime,Drama,Horror",7.2,386,9,cinematographer,director of photography,1,11,William Margulies,1906,1988,"cinematographer,camera_department,miscellaneous"
tt18152394,The Tender Poisoner,The Tender Poisoner,1962,51,"Crime,Drama,Horror",7.1,327,10,cinematographer,director of photography,1,14,William Margulies,1906,1988,"cinematographer,camera_department,miscellaneous"
tt11852447,Kings Ransom,Kings Ransom,1962,60,"Crime,Drama",7.9,13,10,cinematographer,director of photography,1,21,William Margulies,1906,1988,"cinematographer,camera_department,miscellaneous"
tt18945764,Man in a Jam,Man in a Jam,1962,60,"Crime,Drama",7.6,9,10,cinematographer,director of photography,1,16,William Margulies,1906,1988,"cinematographer,camera_department,miscellaneous"
tt72117071,A Very Rough Sketch,A Very Rough Sketch,1962,60,"Crime,Drama,Mystery",6.8,13,9,cinematographer,director of photography,2,15,William Margulies,1906,1988,"cinematographer,camera_department,miscellaneous"
tt41315975,The YachtClub Gang,The YachtClub Gang,1962,60,"Crime,Drama,Mystery",6.5,9,10,cinematographer,director of photography,2,16,William Margulies,1906,1988,"cinematographer,camera_department,miscellaneous"
tt39853362,Stopover in Paradise,Stopover in Paradise,1962,60,Western,6.7,7,8,cinematographer,director of photography,1,16,William Margulies,1906,1988,"cinematographer,camera_department,miscellaneous"
tt34949608,Til Death Do Us Part,Til Death Do Us Part,1962,60,"Crime,Drama,Horror",7.2,116,8,cinematographer,director of photography,2,24,William Margulies,1906,1988,"cinematographer,camera_department,miscellaneous"
tt59572760,A Creature Lurks in Ambush,A Creature Lurks in Ambush,1962,60,"Crime,Drama",6.7,8,6,producer,producer,1,27,Charles Russell,1918,1985,actor
tt37636421,Blues for a Junkman Arthur Troy,Blues for a Junkman Arthur Troy,1962,60,"Crime,Drama",7.7,19,8,producer,producer,1,21,Charles Russell,1918,1985,actor
tt38713250,Inside Track,Inside Track,1962,60,"Crime,Drama",6.8,6,8,producer,producer,1,26,Charles Russell,1918,1985,actor
tt73262305,Murder by Proxy Earl Klegg,Murder by Proxy Earl Klegg,1962,60,"Crime,Drama",6.4,9,8,producer,producer,1,19,Charles Russell,1918,1985,actor
tt45171306,Cost of Living Howard Judlow,Cost of Living Howard Judlow,1962,60,"Crime,Drama",6.0,8,8,producer,producer,1,23,Charles Russell,1918,1985,actor
tt85083869,The Debasers Milton Bonner and Phillip Colerane,The Debasers Milton Bonner and Phillip Colerane,1962,60,"Crime,Drama",5.8,8,8,producer,producer,1,16,Charles Russell,1918,1985,actor
tt66498352,The Left Side of Canada,The Left Side of Canada,1962,60,"Crime,Drama",6.4,9,8,producer,producer,1,29,Charles Russell,1918,1985,actor
tt73037801,Women of Silure,Women of Silure,1962,60,"Crime,Drama",7.0,6,9,producer,producer,1,28,Charles Russell,1918,1985,actor
tt20556189,A Horse Has a Big Head  Let Him Worry,A Horse Has a Big Head  Let Him Worry,1962,60,"Crime,Drama,Thriller",8.8,83,7,producer,producer,4,10,Charles Russell,1918,1985,actor
tt45134021,And by the Sweat of Thy Brow,And by the Sweat of Thy Brow,1962,60,"Crime,Drama,Thriller",8.6,67,7,producer,producer,4,4,Charles Russell,1918,1985,actor
tt91428994,Daughter Am I in My Fathers House,Daughter Am I in My Fathers House,1962,60,"Crime,Drama,Thriller",8.1,68,7,producer,producer,4,3,Charles Russell,1918,1985,actor
tt69636810,Dont Knock It Till Youve Tried It,Dont Knock It Till Youve Tried It,1962,60,"Crime,Drama,Thriller",6.1,56,7,producer,producer,4,15,Charles Russell,1918,1985,actor
tt20772402,Dust Devil on a Quiet Street,Dust Devil on a Quiet Street,1962,60,"Crime,Drama,Thriller",7.7,53,8,producer,producer,4,11,Charles Russell,1918,1985,actor
tt66385564,Five Cranks for Winter Ten Cranks for Spring,Five Cranks for Winter Ten Cranks for Spring,1962,60,"Crime,Drama,Thriller",7.6,49,8,producer,producer,4,6,Charles Russell,1918,1985,actor
tt81481283,Go Fight City Hall,Go Fight City Hall,1962,60,"Crime,Drama,Thriller",6.5,35,7,producer,producer,4,7,Charles Russell,1918,1985,actor
tt14080886,Goodbye Mama Hello Auntie Maud,Goodbye Mama Hello Auntie Maud,1962,60,"Crime,Drama,Thriller",7.9,56,8,producer,producer,3,33,Charles Russell,1918,1985,actor
tt52667886,Hold for Gloria Christmas,Hold for Gloria Christmas,1962,60,"Crime,Drama,Thriller",8.0,75,7,producer,producer,4,1,Charles Russell,1918,1985,actor
tt90116494,Idylls of a Running Back,Idylls of a Running Back,1962,60,"Crime,Drama,Thriller",8.6,64,7,producer,producer,4,2,Charles Russell,1918,1985,actor
tt43034752,Kill Me While Im Young So I Can Die Happy,Kill Me While Im Young So I Can Die Happy,1962,60,"Crime,Drama,Thriller",8.4,53,7,producer,producer,4,5,Charles Russell,1918,1985,actor
tt43011094,King Stanislaus and the Knights of the Round Stable,King Stanislaus and the Knights of the Round Stable,1962,60,"Crime,Drama,Thriller",7.8,42,7,producer,producer,4,13,Charles Russell,1918,1985,actor
tt25521821,Make It Fifty Dollars and Add Love to Nona,Make It Fifty Dollars and Add Love to Nona,1962,60,"Crime,Drama,Thriller",7.7,37,7,producer,producer,4,9,Charles Russell,1918,1985,actor
tt34509228,Memory of a Red Trolley Car,Memory of a Red Trolley Car,1962,60,"Crime,Drama,Thriller",7.1,41,7,producer,producer,3,32,Charles Russell,1918,1985,actor
tt37033546,Spectre of the Rose Street Gang,Spectre of the Rose Street Gang,1962,60,"Crime,Drama,Thriller",8.4,56,8,producer,producer,4,14,Charles Russell,1918,1985,actor
tt13668155,Torment Him Much and Hold Him Long,Torment Him Much and Hold Him Long,1962,60,"Crime,Drama,Thriller",7.9,49,7,producer,producer,4,8,Charles Russell,1918,1985,actor
tt20039769,Bonfire,Bonfire,1962,49,"Crime,Drama,Horror",6.7,340,8,writer,story,1,13,V.S. Pritchett,1900,1997,writer
tt19811546,Captive Audience,Captive Audience,1962,60,"Crime,Drama,Horror",7.7,507,6,writer,novel,1,5,John Bingham,1908,1988,writer
tt49893432,The Tender Poisoner,The Tender Poisoner,1962,51,"Crime,Drama,Horror",7.1,327,7,writer,from the novel by,1,14,John Bingham,1908,1988,writer
tt40923830,The Executioners,The Executioners,1962,75,Western,7.7,177,6,writer,writer,1,1,Morton S. Fine,1916,1991,"writer,producer,director"
tt18441900,The Man from the Sea,The Man from the Sea,1962,75,Western,7.1,96,6,writer,writer,1,14,Morton S. Fine,1916,1991,"writer,producer,director"
tt39125001,Woman from White Wing,Woman from White Wing,1962,75,Western,8.0,124,6,writer,writer,1,2,Morton S. Fine,1916,1991,"writer,producer,director"
tt82659790,The SellOut,The SellOut,1962,52,"Action,Comedy,Crime",6.2,119,6,writer,teleplay,2,9,Anthony Terpiloff,1929,1978,writer
tt76905909,The Case of the Playboy Pugilist,The Case of the Playboy Pugilist,1962,60,"Crime,Drama,Mystery",7.5,237,7,writer,written by,6,3,Helen Nielsen,1918,2002,writer
tt69941644,The Royce Bennett Story,The Royce Bennett Story,1962,60,"Sport,Western",6.4,9,10,editor,film editor,1,1,Tony Martinelli,1909,1996,"editor,editorial_department"
tt53288728,Women of Silure,Women of Silure,1962,60,"Crime,Drama",7.0,6,6,writer,teleplay,1,28,George Bellak,1919,2002,"writer,miscellaneous,actor"
tt88032965,The Secret Life of Buddy and Sally,The Secret Life of Buddy and Sally,1962,30,"Comedy,Family",7.3,210,6,writer,written by,2,10,Lee Erwin,1906,1972,writer
tt40438336,The Daring Durandos,The Daring Durandos,1962,60,Western,6.6,6,7,writer,writer,1,25,Lee Erwin,1906,1972,writer
tt68169550,The High Country,The High Country,1962,49,Western,7.4,57,6,writer,teleplay,3,19,Lee Erwin,1906,1972,writer
tt90049056,Hangover,Hangover,1962,48,"Crime,Drama,Horror",7.1,418,7,writer,short story,1,12,John D. MacDonald,1916,1986,"writer,actor"
tt29980762,I Saw the Whole Thing,I Saw the Whole Thing,1962,60,"Crime,Drama,Horror",7.5,569,5,writer,short story,1,4,Henry Cecil,1902,1976,writer
tt34289566,Ride a Wild Horse,Ride a Wild Horse,1962,60,"Crime,Drama,Mystery",6.3,10,10,cinematographer,director of photography,2,25,Bud Thackery,1903,1990,"cinematographer,camera_department,special_effects"
tt68817721,Side by Side,Side by Side,1962,60,"Crime,Drama,Mystery",6.0,10,10,cinematographer,director of photography,2,34,Bud Thackery,1903,1990,"cinematographer,camera_department,special_effects"
tt29880471,The Bold and the Tough,The Bold and the Tough,1962,60,"Crime,Drama,Mystery",6.6,8,10,cinematographer,director of photography,2,31,Bud Thackery,1903,1990,"cinematographer,camera_department,special_effects"
tt19758655,Will the Real Killer Please Stand Up,Will the Real Killer Please Stand Up,1962,48,"Crime,Drama,Mystery",7.6,9,9,cinematographer,director of photography,2,32,Bud Thackery,1903,1990,"cinematographer,camera_department,special_effects"
tt46797201,Incident at Pawnee Gun,Incident at Pawnee Gun,1962,60,Western,5.6,7,8,cinematographer,director of photography,1,26,Bud Thackery,1903,1990,"cinematographer,camera_department,special_effects"
tt31840580,The HoldOut,The HoldOut,1962,30,"Comedy,Drama",7.4,18,9,cinematographer,director of photography,10,17,Bud Thackery,1903,1990,"cinematographer,camera_department,special_effects"
tt19747508,A Purple Heart for Gruber,A Purple Heart for Gruber,1962,30,"Comedy,War",6.7,70,9,cinematographer,director of photography,1,2,Bud Thackery,1903,1990,"cinematographer,camera_department,special_effects"
tt32760076,Assignment in Gloribee,Assignment in Gloribee,1962,60,Western,7.9,28,9,cinematographer,director of photography,6,18,Bud Thackery,1903,1990,"cinematographer,camera_department,special_effects"
tt29939063,Chauncey,Chauncey,1962,60,Western,7.9,30,10,cinematographer,director of photography,6,24,Bud Thackery,1903,1990,"cinematographer,camera_department,special_effects"
tt88179758,Hometown Doctor,Hometown Doctor,1962,60,Western,8.1,31,10,cinematographer,director of photography,6,21,Bud Thackery,1903,1990,"cinematographer,camera_department,special_effects"
tt94985932,Incident at Crossbow,Incident at Crossbow,1962,60,Western,7.3,20,9,cinematographer,director of photography,6,19,Bud Thackery,1903,1990,"cinematographer,camera_department,special_effects"
tt83560167,Portrait of Teresa,Portrait of Teresa,1962,60,Western,7.5,18,9,cinematographer,director of photography,6,20,Bud Thackery,1903,1990,"cinematographer,camera_department,special_effects"
tt24799430,The Traveler,The Traveler,1962,60,Western,8.1,23,9,cinematographer,director of photography,6,22,Bud Thackery,1903,1990,"cinematographer,camera_department,special_effects"
tt41300880,Vignette of a Sinner,Vignette of a Sinner,1962,60,Western,8.8,23,9,cinematographer,director of photography,6,34,Bud Thackery,1903,1990,"cinematographer,camera_department,special_effects"
tt18653110,Who Lives by the Gun,Who Lives by the Gun,1962,60,Western,8.3,25,9,cinematographer,director of photography,6,25,Bud Thackery,1903,1990,"cinematographer,camera_department,special_effects"
tt99363497,Winter Storm,Winter Storm,1962,60,Western,7.8,24,9,cinematographer,director of photography,6,23,Bud Thackery,1903,1990,"cinematographer,camera_department,special_effects"
tt49797577,The Runaway Groom,The Runaway Groom,1962,30,Western,5.7,10,9,cinematographer,director of photography,2,34,Bud Thackery,1903,1990,"cinematographer,camera_department,special_effects"
tt75931687,The Woman in Black,The Woman in Black,1962,30,Western,6.3,9,10,cinematographer,director of photography,2,36,Bud Thackery,1903,1990,"cinematographer,camera_department,special_effects"
tt40932833,The Donna Fuller Story,The Donna Fuller Story,1962,60,Western,7.5,47,8,cinematographer,director of photography,6,14,Bud Thackery,1903,1990,"cinematographer,camera_department,special_effects"
tt27657385,The Royce Bennett Story,The Royce Bennett Story,1962,60,"Sport,Western",6.4,9,9,cinematographer,director of photography,1,1,Bud Thackery,1903,1990,"cinematographer,camera_department,special_effects"
tt83810660,Dead Mans Shoes,Dead Mans Shoes,1962,25,"Drama,Fantasy,Horror",7.4,2077,6,writer,written by,3,18,Charles Beaumont,1929,1967,"writer,actor,soundtrack"
tt67070342,Person or Persons Unknown,Person or Persons Unknown,1962,25,"Drama,Fantasy,Horror",7.8,2202,6,writer,written by,3,27,Charles Beaumont,1929,1967,"writer,actor,soundtrack"
tt50360705,The Fugitive,The Fugitive,1962,25,"Drama,Fantasy,Horror",7.5,2167,6,writer,written by,3,25,Charles Beaumont,1929,1967,"writer,actor,soundtrack"
tt10406803,Cousin Tundifer,Cousin Tundifer,1962,60,"Crime,Drama,Horror",7.2,132,6,writer,writer,2,21,Boris Sobelman,1909,1971,writer
tt61046420,The Lethal Ladies,The Lethal Ladies,1962,60,"Crime,Drama,Horror",7.6,144,7,writer,adaptation,2,29,Boris Sobelman,1909,1971,writer
tt34159929,A Very Rough Sketch,A Very Rough Sketch,1962,60,"Crime,Drama,Mystery",6.8,13,7,writer,teleplay,2,15,Mann Rubin,1927,2013,"writer,miscellaneous,producer"
tt70894554,The Point Shaver,The Point Shaver,1962,60,"Crime,Drama",8.0,13,7,writer,written by,1,20,Mann Rubin,1927,2013,"writer,miscellaneous,producer"
tt95142341,In the Name of Love a Small Corruption,In the Name of Love a Small Corruption,1962,60,Drama,7.4,7,7,writer,writer,2,3,Gilbert Ralston,1912,1999,"producer,writer"
tt43576162,Monument to an Aged Hunter,Monument to an Aged Hunter,1962,60,Drama,7.8,13,8,writer,adaptation,1,24,Gilbert Ralston,1912,1999,"producer,writer"
tt17587045,Odyssey of a Proud Suitcase,Odyssey of a Proud Suitcase,1962,60,Drama,9.0,7,7,writer,writer,1,20,Gilbert Ralston,1912,1999,"producer,writer"
tt91218670,When You See an Evil Man,When You See an Evil Man,1962,60,Drama,9.0,7,7,writer,writer,1,32,Gilbert Ralston,1912,1999,"producer,writer"
tt21239095,The Sweetly Smiling Face of Truth,The Sweetly Smiling Face of Truth,1962,60,"Crime,Drama,Thriller",7.4,53,6,writer,writer,3,26,Gilbert Ralston,1912,1999,"producer,writer"
tt15842639,Two on the House,Two on the House,1962,51,Adventure,7.6,74,6,writer,written by,2,27,Gilbert Ralston,1912,1999,"producer,writer"
tt32353366,Fortress of Despair,Fortress of Despair,1962,60,Drama,7.2,6,6,writer,writer,1,21,Gilbert Ralston,1912,1999,"producer,writer"
tt33036897,The Stryker Brothers,The Stryker Brothers,1962,52,"Action,Crime,Drama",8.0,54,6,writer,written by,3,18,Gilbert Ralston,1912,1999,"producer,writer"
tt83706663,Night of the Owl,Night of the Owl,1962,60,"Crime,Drama,Horror",7.0,421,6,writer,teleplay,1,3,Richard Fielder,1925,2020,"writer,producer"
tt19557165,Side by Side,Side by Side,1962,60,"Crime,Drama,Mystery",6.0,10,7,writer,writer,2,34,Richard Fielder,1925,2020,"writer,producer"
tt63339812,Incident of the Prodigal Son,Incident of the Prodigal Son,1962,60,Western,7.8,73,6,writer,writer,5,5,Richard Fielder,1925,2020,"writer,producer"
tt34694011,Night of the Hawk,Night of the Hawk,1962,30,Western,7.0,8,6,writer,written by,2,26,Richard Fielder,1925,2020,"writer,producer"
tt23727390,The Girl from Paradise,The Girl from Paradise,1962,30,Western,7.0,10,6,writer,written by,2,19,Richard Fielder,1925,2020,"writer,producer"
tt21156794,The Woman in Black,The Woman in Black,1962,30,Western,6.3,9,6,writer,written by,2,36,Richard Fielder,1925,2020,"writer,producer"
tt89762055,To a Grand and Natural Finale,To a Grand and Natural Finale,1962,60,Drama,9.2,6,7,writer,writer,1,23,Alvin Sargent,1927,2019,"writer,miscellaneous,actor"
tt22582802,Spectre of the Rose Street Gang,Spectre of the Rose Street Gang,1962,60,"Crime,Drama,Thriller",8.4,56,6,writer,teleplay,4,14,Alvin Sargent,1927,2019,"writer,miscellaneous,actor"
tt91062992,A Piece of the Action,A Piece of the Action,1962,60,"Crime,Drama,Horror",7.6,625,7,writer,based on a story by,1,1,Oliver H.P. Garrett,1894,1952,"writer,director"
tt31859555,A Young Mans Fancy,A Young Mans Fancy,1962,30,"Family,Western",8.4,109,8,producer,producer,4,19,Arnold Laven,1922,2009,"producer,director,script_department"
tt22890203,Conflict,Conflict,1962,30,"Family,Western",7.1,79,8,producer,producer,5,13,Arnold Laven,1922,2009,"producer,director,script_department"
tt90232421,Day of Reckoning,Day of Reckoning,1962,30,"Family,Western",8.1,78,8,producer,producer,4,28,Arnold Laven,1922,2009,"producer,director,script_department"
tt53985438,Deadly Image,Deadly Image,1962,30,"Family,Western",7.7,92,8,producer,producer,4,22,Arnold Laven,1922,2009,"producer,director,script_department"
tt79485230,Death Never Rides Alone,Death Never Rides Alone,1962,30,"Family,Western",8.7,132,8,producer,producer,5,5,Arnold Laven,1922,2009,"producer,director,script_department"
tt23376869,Guilty Conscience,Guilty Conscience,1962,30,"Family,Western",8.2,90,8,producer,producer,4,27,Arnold Laven,1922,2009,"producer,director,script_department"
tt67335539,Gun Shy,Gun Shy,1962,30,"Family,Western",7.7,97,9,producer,producer,5,11,Arnold Laven,1922,2009,"producer,director,script_department"
tt84658848,Gunfire,Gunfire,1962,30,"Family,Western",8.5,92,8,producer,producer,4,16,Arnold Laven,1922,2009,"producer,director,script_department"
tt54620652,I Take This Woman,I Take This Woman,1962,30,"Family,Western",7.6,93,8,producer,producer,5,6,Arnold Laven,1922,2009,"producer,director,script_department"
tt77176571,Jealous Man,Jealous Man,1962,30,"Family,Western",7.5,75,9,producer,producer,4,26,Arnold Laven,1922,2009,"producer,director,script_department"
tt18486703,Millys Brother,Millys Brother,1962,30,"Family,Western",7.7,80,8,producer,producer,4,30,Arnold Laven,1922,2009,"producer,director,script_department"
tt25071378,None So Blind,None So Blind,1962,30,"Family,Western",7.8,89,9,producer,producer,4,25,Arnold Laven,1922,2009,"producer,director,script_department"
tt75856810,Skull,Skull,1962,30,"Family,Western",8.1,87,8,producer,producer,4,14,Arnold Laven,1922,2009,"producer,director,script_department"
tt64990791,Sporting Chance,Sporting Chance,1962,30,"Family,Western",7.5,81,8,producer,producer,4,18,Arnold Laven,1922,2009,"producer,director,script_department"
tt57487247,Squeeze Play,Squeeze Play,1962,30,"Family,Western",8.1,91,8,producer,producer,5,10,Arnold Laven,1922,2009,"producer,director,script_department"
tt41491897,The Assailants,The Assailants,1962,30,"Family,Western",8.4,101,8,producer,producer,5,7,Arnold Laven,1922,2009,"producer,director,script_department"
tt78942758,The Day a Town Slept,The Day a Town Slept,1962,30,"Family,Western",8.1,92,8,producer,producer,4,29,Arnold Laven,1922,2009,"producer,director,script_department"
tt32617310,The Debt,The Debt,1962,30,"Family,Western",7.9,79,8,producer,producer,4,23,Arnold Laven,1922,2009,"producer,director,script_department"
tt14415433,The Man from Salinas,The Man from Salinas,1962,30,"Family,Western",8.3,93,8,producer,producer,4,20,Arnold Laven,1922,2009,"producer,director,script_department"
tt28109875,The Most Amazing Man,The Most Amazing Man,1962,30,"Family,Western",8.5,130,8,producer,producer,5,9,Arnold Laven,1922,2009,"producer,director,script_department"
tt47481773,The Princess,The Princess,1962,30,"Family,Western",7.7,91,8,producer,producer,4,15,Arnold Laven,1922,2009,"producer,director,script_department"
tt26808959,The Quiet Fear,The Quiet Fear,1962,30,"Family,Western",8.4,96,8,producer,producer,4,17,Arnold Laven,1922,2009,"producer,director,script_department"
tt97677518,Tinhorn,Tinhorn,1962,30,"Family,Western",7.6,91,9,producer,producer,4,24,Arnold Laven,1922,2009,"producer,director,script_department"
tt43854348,Waste Part 1,Waste Part 1,1962,30,"Family,Western",8.0,111,8,producer,producer,5,1,Arnold Laven,1922,2009,"producer,director,script_department"
tt82772219,Waste Part 2,Waste Part 2,1962,30,"Family,Western",8.1,98,8,producer,producer,5,2,Arnold Laven,1922,2009,"producer,director,script_department"
tt22009349,Bad Actor,Bad Actor,1962,30,"Comedy,Crime,Drama",6.9,336,7,writer,story,7,14,Richard Deming,1915,1983,writer
tt19095748,Calamity Circus,Calamity Circus,1962,60,Western,6.0,7,8,cinematographer,director of photography,1,17,Ray Rennahan,1896,1980,"cinematographer,camera_department,miscellaneous"
tt47473694,A Grave for Cully Brown,A Grave for Cully Brown,1962,60,Western,8.4,62,10,cinematographer,director of photography,3,20,Ray Rennahan,1896,1980,"cinematographer,camera_department,miscellaneous"
tt60047450,Among the Missing,Among the Missing,1962,60,Western,8.8,61,8,cinematographer,director of photography,4,1,Ray Rennahan,1896,1980,"cinematographer,camera_department,miscellaneous"
tt61163866,Beyond Justice,Beyond Justice,1962,60,Western,7.9,58,9,cinematographer,director of photography,4,9,Ray Rennahan,1896,1980,"cinematographer,camera_department,miscellaneous"
tt21425303,Double Eagles,Double Eagles,1962,60,Western,8.2,52,8,cinematographer,director of photography,4,8,Ray Rennahan,1896,1980,"cinematographer,camera_department,miscellaneous"
tt25240773,Fall into Darkness,Fall into Darkness,1962,60,Western,7.8,59,8,cinematographer,director of photography,3,28,Ray Rennahan,1896,1980,"cinematographer,camera_department,miscellaneous"
tt23255291,Gun Duel,Gun Duel,1962,60,Western,8.4,61,9,cinematographer,director of photography,4,12,Ray Rennahan,1896,1980,"cinematographer,camera_department,miscellaneous"
tt67058180,Lost Allegiance,Lost Allegiance,1962,60,Western,8.8,61,8,cinematographer,director of photography,4,6,Ray Rennahan,1896,1980,"cinematographer,camera_department,miscellaneous"
tt93659909,Shadow of the Past,Shadow of the Past,1962,60,Western,8.4,66,9,cinematographer,director of photography,4,4,Ray Rennahan,1896,1980,"cinematographer,camera_department,miscellaneous"
tt21016686,Shadows in the Dust,Shadows in the Dust,1962,60,Western,7.9,59,9,cinematographer,director of photography,3,16,Ray Rennahan,1896,1980,"cinematographer,camera_department,miscellaneous"
tt57777014,The Barefoot Kid,The Barefoot Kid,1962,60,Western,8.7,67,9,cinematographer,director of photography,3,15,Ray Rennahan,1896,1980,"cinematographer,camera_department,miscellaneous"
tt37287611,The Confederate Express,The Confederate Express,1962,60,Western,7.8,59,9,cinematographer,director of photography,3,18,Ray Rennahan,1896,1980,"cinematographer,camera_department,miscellaneous"
tt63960905,Day of the Savage,Day of the Savage,1962,60,Western,8.1,58,8,cinematographer,director of photography,3,23,Ray Rennahan,1896,1980,"cinematographer,camera_department,miscellaneous"
tt36690162,The Fortune Hunter,The Fortune Hunter,1962,60,Western,7.8,57,9,cinematographer,director of photography,4,3,Ray Rennahan,1896,1980,"cinematographer,camera_department,miscellaneous"
tt77078403,The Perfect Gift,The Perfect Gift,1962,60,Western,8.2,66,9,cinematographer,director of photography,3,14,Ray Rennahan,1896,1980,"cinematographer,camera_department,miscellaneous"
tt12715248,The Replacement,The Replacement,1962,60,Western,8.8,66,8,cinematographer,director of photography,3,25,Ray Rennahan,1896,1980,"cinematographer,camera_department,miscellaneous"
tt46284641,The Runaway,The Runaway,1962,60,Western,7.9,56,9,cinematographer,director of photography,3,17,Ray Rennahan,1896,1980,"cinematographer,camera_department,miscellaneous"
tt10893981,The Sunday Shoot,The Sunday Shoot,1962,60,Western,7.9,54,9,cinematographer,director of photography,4,7,Ray Rennahan,1896,1980,"cinematographer,camera_department,miscellaneous"
tt82886860,The Turn of the Wheel,The Turn of the Wheel,1962,60,Western,7.6,54,10,cinematographer,director of photography,3,26,Ray Rennahan,1896,1980,"cinematographer,camera_department,miscellaneous"
tt49333315,Trial by Fire,Trial by Fire,1962,60,Western,7.6,63,8,cinematographer,director of photography,3,27,Ray Rennahan,1896,1980,"cinematographer,camera_department,miscellaneous"
tt80015789,War Hero,War Hero,1962,60,Western,7.8,55,8,cinematographer,director of photography,4,2,Ray Rennahan,1896,1980,"cinematographer,camera_department,miscellaneous"
tt36190875,Dont Wake a Tiger,Dont Wake a Tiger,1962,60,Western,7.6,25,9,cinematographer,director of photography,6,32,Ray Rennahan,1896,1980,"cinematographer,camera_department,miscellaneous"
tt68415231,End of a Minor God,End of a Minor God,1962,60,Western,8.1,24,9,cinematographer,director of photography,6,27,Ray Rennahan,1896,1980,"cinematographer,camera_department,miscellaneous"
tt38062692,Remember the Yazoo,Remember the Yazoo,1962,60,Western,8.0,20,9,cinematographer,director of photography,6,28,Ray Rennahan,1896,1980,"cinematographer,camera_department,miscellaneous"
tt17963643,Royal Maroon,Royal Maroon,1962,60,Western,7.8,27,9,cinematographer,director of photography,6,30,Ray Rennahan,1896,1980,"cinematographer,camera_department,miscellaneous"
tt91283255,The Angry Sky,The Angry Sky,1962,60,Western,6.9,18,9,cinematographer,director of photography,6,29,Ray Rennahan,1896,1980,"cinematographer,camera_department,miscellaneous"
tt18838526,The Gold Witch,The Gold Witch,1962,60,Western,8.2,21,10,cinematographer,director of photography,6,31,Ray Rennahan,1896,1980,"cinematographer,camera_department,miscellaneous"
tt86711604,To Kill a Town,To Kill a Town,1962,60,Western,7.5,21,9,cinematographer,director of photography,6,26,Ray Rennahan,1896,1980,"cinematographer,camera_department,miscellaneous"
tt16391212,Incident of the Hunter,Incident of the Hunter,1962,60,Western,8.1,75,6,writer,story,5,2,D.D. Beauchamp,1908,1969,"writer,miscellaneous"
tt60628280,The Long Way Home,The Long Way Home,1962,30,Western,8.1,9,6,writer,written by,2,30,D.D. Beauchamp,1908,1969,"writer,miscellaneous"
tt75050151,The Effete Angler,The Effete Angler,1962,50,"Action,Crime,Drama",6.9,215,7,writer,screenplay by,1,9,Norman Borisoff,1918,2013,writer
tt98885494,The Element of Doubt,The Element of Doubt,1962,49,"Action,Crime,Drama",7.0,198,7,writer,screenplay by,1,8,Norman Borisoff,1918,2013,writer
tt30779375,Along Came a Spider,Along Came a Spider,1962,60,"Crime,Drama",8.2,13,6,writer,written by,1,31,Peter Stone,1930,2003,"writer,actor,producer"
tt16672431,The Benefactor,The Benefactor,1962,60,"Crime,Drama",8.3,36,6,writer,written by,1,30,Peter Stone,1930,2003,"writer,actor,producer"
tt61892921,One for the Road,One for the Road,1962,60,Drama,8.7,20,6,writer,teleplay,1,27,Robert Dozier,1930,2012,"writer,producer,miscellaneous"
tt12388688,A Very Present Help,A Very Present Help,1962,60,Drama,8.3,18,7,producer,producer,1,26,Herbert Hirschman,1914,1985,"producer,director,actor"
tt65343286,My Brother the Doctor,My Brother the Doctor,1962,60,Drama,7.9,15,8,producer,producer,1,15,Herbert Hirschman,1914,1985,"producer,director,actor"
tt67564430,Oh My Daughter,Oh My Daughter,1962,60,Drama,8.2,14,7,producer,producer,1,17,Herbert Hirschman,1914,1985,"producer,director,actor"
tt75961109,One for the Road,One for the Road,1962,60,Drama,8.7,20,8,producer,producer,1,27,Herbert Hirschman,1914,1985,"producer,director,actor"
tt62296701,Something of Importance,Something of Importance,1962,60,Drama,8.0,13,7,producer,producer,1,30,Herbert Hirschman,1914,1985,"producer,director,actor"
tt31437428,The Administrator,The Administrator,1962,60,Drama,8.6,18,7,producer,producer,1,16,Herbert Hirschman,1914,1985,"producer,director,actor"
tt20434547,The BroncBuster,The BroncBuster,1962,60,Drama,8.2,15,7,producer,producer,1,22,Herbert Hirschman,1914,1985,"producer,director,actor"
tt42813199,The Dragon,The Dragon,1962,60,Drama,8.6,17,7,producer,producer,1,20,Herbert Hirschman,1914,1985,"producer,director,actor"
tt89247540,The Glory Hunter,The Glory Hunter,1962,60,Drama,8.2,15,8,producer,producer,1,19,Herbert Hirschman,1914,1985,"producer,director,actor"
tt55412853,The Horn of Plenty,The Horn of Plenty,1962,60,Drama,6.8,17,7,producer,producer,1,28,Herbert Hirschman,1914,1985,"producer,director,actor"
tt25045698,The Roaring BoyO,The Roaring BoyO,1962,60,Drama,7.3,17,8,producer,producer,1,24,Herbert Hirschman,1914,1985,"producer,director,actor"
tt94850598,The Search,The Search,1962,60,Drama,8.3,15,7,producer,producer,1,18,Herbert Hirschman,1914,1985,"producer,director,actor"
tt22884393,The Stepping Stone,The Stepping Stone,1962,60,Drama,8.4,17,8,producer,producer,1,21,Herbert Hirschman,1914,1985,"producer,director,actor"
tt51004106,The Witch Doctor,The Witch Doctor,1962,60,Drama,7.7,18,7,producer,producer,1,23,Herbert Hirschman,1914,1985,"producer,director,actor"
tt72593855,Ann Costigan A Duel on a Field of White,Ann Costigan A Duel on a Field of White,1962,60,Drama,8.4,8,7,producer,producer,1,1,Herbert Hirschman,1914,1985,"producer,director,actor"
tt69377948,The Buffalo Convention,The Buffalo Convention,1962,30,"Adventure,Animation,Comedy",7.4,167,8,writer,story supervision,3,7,Arthur Pierson,1901,1975,"writer,miscellaneous,producer"
tt88468518,The Little Stranger,The Little Stranger,1962,30,"Adventure,Animation,Comedy",7.4,164,8,writer,story supervision,3,8,Arthur Pierson,1901,1975,"writer,miscellaneous,producer"
tt35270298,Man Alone,Man Alone,1962,60,Western,8.1,61,8,cinematographer,director of photography,7,4,Harold E. Stine,1903,1977,"cinematographer,sound_department,visual_effects"
tt72594428,Pilot,Pilot,1962,60,"Action,Drama,War",8.0,20,10,cinematographer,director of photography,1,1,Harold E. Stine,1903,1977,"cinematographer,sound_department,visual_effects"
tt29482813,Love Song for a Deadly Redhead,Love Song for a Deadly Redhead,1962,60,Drama,8.8,9,8,cinematographer,director of photography,2,32,Harold E. Stine,1903,1977,"cinematographer,sound_department,visual_effects"
tt11846110,Elly Races Jethrine,Elly Races Jethrine,1962,30,"Comedy,Family",7.5,127,8,cinematographer,director of photography,1,11,Lester Shorr,1907,1992,"cinematographer,camera_department"
tt58048789,Ellys First Date,Ellys First Date,1962,30,"Comedy,Family",7.8,157,8,cinematographer,director of photography,1,9,Lester Shorr,1907,1992,"cinematographer,camera_department"
tt19380104,Home for Christmas,Home for Christmas,1962,26,"Comedy,Family",7.9,179,8,cinematographer,director of photography,1,13,Lester Shorr,1907,1992,"cinematographer,camera_department"
tt86933388,Jed Buys Stock,Jed Buys Stock,1962,30,"Comedy,Family",8.2,151,8,cinematographer,director of photography,1,5,Lester Shorr,1907,1992,"cinematographer,camera_department"
tt21859314,Jethro Goes to School,Jethro Goes to School,1962,30,"Comedy,Family",7.8,154,8,cinematographer,director of photography,1,8,Lester Shorr,1907,1992,"cinematographer,camera_department"
tt41051459,Meanwhile Back at the Cabin,Meanwhile Back at the Cabin,1962,30,"Comedy,Family",7.9,178,8,cinematographer,director of photography,1,3,Lester Shorr,1907,1992,"cinematographer,camera_department"
tt12008456,No Place Like Home,No Place Like Home,1962,30,"Comedy,Family",7.3,140,9,cinematographer,director of photography,1,14,Lester Shorr,1907,1992,"cinematographer,camera_department"
tt37274354,Pygmalion and Elly,Pygmalion and Elly,1962,30,"Comedy,Family",7.5,135,8,cinematographer,director of photography,1,10,Lester Shorr,1907,1992,"cinematographer,camera_department"
tt70072604,The Great Feud,The Great Feud,1962,30,"Comedy,Family",8.2,143,9,cinematographer,director of photography,1,12,Lester Shorr,1907,1992,"cinematographer,camera_department"
tt53985891,The Servants,The Servants,1962,30,"Comedy,Family",7.9,141,8,cinematographer,director of photography,1,7,Lester Shorr,1907,1992,"cinematographer,camera_department"
tt94440602,Trick or Treat,Trick or Treat,1962,30,"Comedy,Family",7.8,158,8,cinematographer,director of photography,1,6,Lester Shorr,1907,1992,"cinematographer,camera_department"
tt83687440,Getting Settled,Getting Settled,1962,30,"Comedy,Family",8.1,205,8,cinematographer,director of photography,1,2,Lester Shorr,1907,1992,"cinematographer,camera_department"
tt44117351,The Clampetts Meet Mrs Drysdale,The Clampetts Meet Mrs Drysdale,1962,30,"Comedy,Family",8.1,172,8,cinematographer,director of photography,1,4,Lester Shorr,1907,1992,"cinematographer,camera_department"
tt47839698,Death Never Rides Alone,Death Never Rides Alone,1962,30,"Family,Western",8.7,132,6,writer,written by,5,5,David P. Harmon,1918,2001,"writer,script_department,miscellaneous"
tt67550738,I Take This Woman,I Take This Woman,1962,30,"Family,Western",7.6,93,6,writer,written by,5,6,David P. Harmon,1918,2001,"writer,script_department,miscellaneous"
tt51785533,Fall Guy,Fall Guy,1962,52,"Action,Crime,Drama",7.9,48,7,writer,written by,3,12,David P. Harmon,1918,2001,"writer,script_department,miscellaneous"
tt38230552,Seven Against the Sea,Seven Against the Sea,1962,60,Drama,8.2,18,6,writer,teleplay by,1,20,Albert Aley,1919,1986,"miscellaneous,writer,producer"
tt62185518,A Grave for Cully Brown,A Grave for Cully Brown,1962,60,Western,8.4,62,6,writer,teleplay,3,20,Albert Aley,1919,1986,"miscellaneous,writer,producer"
tt22027100,Gun Duel,Gun Duel,1962,60,Western,8.4,61,6,writer,teleplay,4,12,Albert Aley,1919,1986,"miscellaneous,writer,producer"
tt25589971,The Long Road Back,The Long Road Back,1962,60,Western,7.4,54,6,writer,teleplay,4,5,Albert Aley,1919,1986,"miscellaneous,writer,producer"
tt21588063,Incident at Cactus Wells,Incident at Cactus Wells,1962,60,Western,8.1,74,6,writer,writer,5,4,Albert Aley,1919,1986,"miscellaneous,writer,producer"
tt32841577,The Bosss Daughters,The Bosss Daughters,1962,51,Western,8.3,85,6,writer,written by,4,17,Albert Aley,1919,1986,"miscellaneous,writer,producer"
tt23401889,The Long Count,The Long Count,1962,50,Western,8.4,77,6,writer,written by,4,13,Albert Aley,1919,1986,"miscellaneous,writer,producer"
tt48359651,Who Lives by the Gun,Who Lives by the Gun,1962,60,Western,8.3,25,6,writer,writer,6,25,Albert Aley,1919,1986,"miscellaneous,writer,producer"
tt26220970,The Accomplice,The Accomplice,1962,75,Western,8.7,423,7,writer,writer,1,13,William P. McGivern,1918,1982,writer
tt75032424,The Princess,The Princess,1962,30,"Family,Western",7.7,91,6,writer,written by,4,15,Pat Fielder,1929,2018,"writer,miscellaneous,producer"
tt96670858,A Place to Die,A Place to Die,1962,60,"Action,Drama,War",7.2,6,7,producer,producer,1,12,Richard M. Bluel,1925,1992,"producer,writer,miscellaneous"
tt22125852,And Cain Cried Out,And Cain Cried Out,1962,60,"Action,Drama,War",8.2,10,7,producer,producer,1,3,Richard M. Bluel,1925,1992,"producer,writer,miscellaneous"
tt68145063,And the End of Evil Things,And the End of Evil Things,1962,60,"Action,Drama,War",8.3,8,7,producer,producer,1,7,Richard M. Bluel,1925,1992,"producer,writer,miscellaneous"
tt98173864,One Moderately Peaceful Sunday,One Moderately Peaceful Sunday,1962,60,"Action,Drama,War",8.7,8,7,producer,producer,1,5,Richard M. Bluel,1925,1992,"producer,writer,miscellaneous"
tt51801562,Pilot,Pilot,1962,60,"Action,Drama,War",8.0,20,8,producer,producer,1,1,Richard M. Bluel,1925,1992,"producer,writer,miscellaneous"
tt22646191,Retreat to Concorde,Retreat to Concorde,1962,60,"Action,Drama,War",8.4,13,8,producer,producer,1,2,Richard M. Bluel,1925,1992,"producer,writer,miscellaneous"
tt73747274,Signals for an End Run,Signals for an End Run,1962,60,"Action,Drama,War",8.2,7,10,producer,producer,1,10,Richard M. Bluel,1925,1992,"producer,writer,miscellaneous"
tt15484132,The NinetyEight Cent Man,The NinetyEight Cent Man,1962,60,"Action,Drama,War",8.1,12,7,producer,producer,1,4,Richard M. Bluel,1925,1992,"producer,writer,miscellaneous"
tt44481237,A Piano in the House,A Piano in the House,1962,25,"Drama,Fantasy,Horror",7.5,2145,9,cinematographer,director of photography,3,22,George T. Clemens,1902,1992,"cinematographer,camera_department,miscellaneous"
tt56925643,Cavender Is Coming,Cavender Is Coming,1962,25,"Drama,Fantasy,Horror",5.9,1914,8,cinematographer,director of photography,3,36,George T. Clemens,1902,1992,"cinematographer,camera_department,miscellaneous"
tt46803259,Dead Mans Shoes,Dead Mans Shoes,1962,25,"Drama,Fantasy,Horror",7.4,2077,10,cinematographer,director of photography,3,18,George T. Clemens,1902,1992,"cinematographer,camera_department,miscellaneous"
tt52166828,Four OClock,Four OClock,1962,25,"Drama,Fantasy,Horror",6.4,1924,9,cinematographer,director of photography,3,29,George T. Clemens,1902,1992,"cinematographer,camera_department,miscellaneous"
tt30759543,HocusPocus and Frisby,HocusPocus and Frisby,1962,25,"Drama,Fantasy,Horror",7.3,2111,10,cinematographer,director of photography,3,30,George T. Clemens,1902,1992,"cinematographer,camera_department,miscellaneous"
tt11174797,Kick the Can,Kick the Can,1962,25,"Drama,Fantasy,Horror",7.5,2419,10,cinematographer,director of photography,3,21,George T. Clemens,1902,1992,"cinematographer,camera_department,miscellaneous"
tt59719962,Little Girl Lost,Little Girl Lost,1962,25,"Drama,Fantasy,Horror",8.0,2618,9,cinematographer,director of photography,3,26,George T. Clemens,1902,1992,"cinematographer,camera_department,miscellaneous"
tt95275975,Nothing in the Dark,Nothing in the Dark,1962,25,"Drama,Fantasy,Horror",8.3,3049,8,cinematographer,director of photography,3,16,George T. Clemens,1902,1992,"cinematographer,camera_department,miscellaneous"
tt39119360,One More Pallbearer,One More Pallbearer,1962,25,"Drama,Fantasy,Horror",7.3,2073,8,cinematographer,director of photography,3,17,George T. Clemens,1902,1992,"cinematographer,camera_department,miscellaneous"
tt63396613,Showdown with Rance McGrew,Showdown with Rance McGrew,1962,25,"Drama,Fantasy,Horror",6.2,1957,10,cinematographer,director of photography,3,20,George T. Clemens,1902,1992,"cinematographer,camera_department,miscellaneous"
tt23999586,The Changing of the Guard,The Changing of the Guard,1962,25,"Drama,Fantasy,Horror",8.2,2456,8,cinematographer,director of photography,3,37,George T. Clemens,1902,1992,"cinematographer,camera_department,miscellaneous"
tt21412034,The Dummy,The Dummy,1962,25,"Drama,Fantasy,Horror",7.7,2362,9,cinematographer,director of photography,3,33,George T. Clemens,1902,1992,"cinematographer,camera_department,miscellaneous"
tt11039863,The Gift,The Gift,1962,25,"Drama,Fantasy,Horror",6.7,1827,9,cinematographer,director of photography,3,32,George T. Clemens,1902,1992,"cinematographer,camera_department,miscellaneous"
tt67857070,The Hunt,The Hunt,1962,25,"Drama,Fantasy,Horror",7.9,2616,10,cinematographer,director of photography,3,19,George T. Clemens,1902,1992,"cinematographer,camera_department,miscellaneous"
tt64655921,The Little People,The Little People,1962,25,"Drama,Fantasy,Horror",7.9,2384,8,cinematographer,director of photography,3,28,George T. Clemens,1902,1992,"cinematographer,camera_department,miscellaneous"
tt28287144,The TradeIns,The TradeIns,1962,25,"Drama,Fantasy,Horror",7.7,2115,8,cinematographer,director of photography,3,31,George T. Clemens,1902,1992,"cinematographer,camera_department,miscellaneous"
tt59099384,To Serve Man,To Serve Man,1962,25,"Drama,Fantasy,Horror",9.0,4737,9,cinematographer,director of photography,3,24,George T. Clemens,1902,1992,"cinematographer,camera_department,miscellaneous"
tt93816959,Young Mans Fancy,Young Mans Fancy,1962,25,"Drama,Fantasy,Horror",6.5,1749,10,cinematographer,director of photography,3,34,George T. Clemens,1902,1992,"cinematographer,camera_department,miscellaneous"
tt79468266,A Man Is Waiting to Be Murdered,A Man Is Waiting to Be Murdered,1962,60,Drama,6.7,8,9,cinematographer,director of photography,1,15,Keith C. Smith,1921,1996,"cinematographer,camera_department,miscellaneous"
tt83652188,I Kiss Your Shadow,I Kiss Your Shadow,1962,60,Drama,6.8,19,6,writer,teleplay,1,26,Barry Trivers,1907,1981,"writer,soundtrack,actor"
tt53452801,The Outsider,The Outsider,1962,60,"Action,Crime,Drama",7.2,10,6,writer,written by,3,18,Barry Trivers,1907,1981,"writer,soundtrack,actor"
tt65753149,Man Who Struck Moonshine,Man Who Struck Moonshine,1962,30,Western,7.6,70,7,writer,writer,5,28,Barry Trivers,1907,1981,"writer,soundtrack,actor"
tt34324396,Even Stones Have Eyes,Even Stones Have Eyes,1962,51,Adventure,8.4,82,6,writer,written by,2,24,Barry Trivers,1907,1981,"writer,soundtrack,actor"
tt99398587,The Bird of Warning,The Bird of Warning,1962,60,Drama,6.7,8,9,writer,story,1,10,Barry Trivers,1907,1981,"writer,soundtrack,actor"
tt31474700,The Canada Run,The Canada Run,1962,52,"Action,Crime,Drama",8.1,53,9,writer,story,3,11,Barry Trivers,1907,1981,"writer,soundtrack,actor"
tt11352950,Along About Late in the Afternoon,Along About Late in the Afternoon,1962,60,Drama,7.0,8,6,writer,written by,1,12,Gene L. Coon,1924,1973,"writer,producer,soundtrack"
tt61158249,Hooray Hooray the Circus Is Coming to Town,Hooray Hooray the Circus Is Coming to Town,1962,60,Drama,7.6,6,6,writer,written by,1,8,Gene L. Coon,1924,1973,"writer,producer,soundtrack"
tt93266997,An Ensign for McHale,An Ensign for McHale,1962,30,"Comedy,War",7.4,94,6,writer,written by,1,1,Gene L. Coon,1924,1973,"writer,producer,soundtrack"
tt30373887,Who Do the Voodoo,Who Do the Voodoo,1962,30,"Comedy,War",7.5,60,6,writer,written by,1,7,Gene L. Coon,1924,1973,"writer,producer,soundtrack"
tt38168657,Incident of the Dogfaces,Incident of the Dogfaces,1962,60,Western,8.2,74,6,writer,writer,5,8,Gene L. Coon,1924,1973,"writer,producer,soundtrack"
tt74962107,The Charley Shutup Story,The Charley Shutup Story,1962,60,Western,8.2,44,6,writer,written by,5,23,Gene L. Coon,1924,1973,"writer,producer,soundtrack"
tt29911372,The George B Hanrahan Story,The George B Hanrahan Story,1962,60,Western,7.4,42,6,writer,written by,5,26,Gene L. Coon,1924,1973,"writer,producer,soundtrack"
tt15508728,The John Turnbull Story,The John Turnbull Story,1962,60,Western,7.8,38,6,writer,written by,5,35,Gene L. Coon,1924,1973,"writer,producer,soundtrack"
tt48808636,Source of Information,Source of Information,1962,60,Drama,8.8,18,7,writer,creator,1,5,Adrian Spies,1920,1998,"writer,producer,actor"
tt86239478,The Organizers Part 1,The Organizers Part 1,1962,60,Drama,8.0,8,6,writer,writer,1,32,Adrian Spies,1920,1998,"writer,producer,actor"
tt35964041,The Organizers Part 2,The Organizers Part 2,1962,60,Drama,8.3,7,6,writer,writer,1,33,Adrian Spies,1920,1998,"writer,producer,actor"
tt47635115,Mr Lucifer,Mr Lucifer,1962,60,Drama,7.8,21,6,writer,teleplay,2,5,Alfred Bester,1913,1987,"writer,miscellaneous"
tt30092049,El Medico,El Medico,1962,30,Drama,6.6,10,6,writer,teleplay,1,2,Robert L. Jacks,1927,1987,"producer,writer,miscellaneous"
tt38681181,A Fist of Five,A Fist of Five,1962,52,"Action,Crime,Drama",8.0,58,6,writer,"book ""The Untouchables""",4,10,Oscar Fraley,1914,1994,writer
tt25459846,Arsenal,Arsenal,1962,52,"Action,Crime,Drama",8.1,55,7,writer,"book ""The Untouchables""",3,27,Oscar Fraley,1914,1994,writer
tt56960466,Bird in the Hand,Bird in the Hand,1962,52,"Action,Crime,Drama",7.4,45,6,writer,"book ""The Untouchables""",4,6,Oscar Fraley,1914,1994,writer
tt81774648,Come and Kill Me,Come and Kill Me,1962,52,"Action,Crime,Drama",6.7,38,7,writer,"book ""The Untouchables""",4,9,Oscar Fraley,1914,1994,writer
tt74446990,Doublecross,Doublecross,1962,52,"Action,Crime,Drama",7.5,41,7,writer,"book ""The Untouchables""",4,12,Oscar Fraley,1914,1994,writer
tt57527568,Downfall,Downfall,1962,52,"Action,Crime,Drama",7.3,49,7,writer,"book ""The Untouchables""",3,22,Oscar Fraley,1914,1994,writer
tt61106962,Elegy,Elegy,1962,52,"Action,Crime,Drama",7.5,53,6,writer,book,4,8,Oscar Fraley,1914,1994,writer
tt84549296,Element of Danger,Element of Danger,1962,52,"Action,Crime,Drama",8.3,65,7,writer,"book ""The Untouchables""",3,19,Oscar Fraley,1914,1994,writer
tt96878829,Fall Guy,Fall Guy,1962,52,"Action,Crime,Drama",7.9,48,6,writer,"book ""The Untouchables""",3,12,Oscar Fraley,1914,1994,writer
tt11216655,Man in the Middle,Man in the Middle,1962,52,"Action,Crime,Drama",7.5,56,7,writer,"book ""The Untouchables""",3,21,Oscar Fraley,1914,1994,writer
tt54348137,Pressure,Pressure,1962,52,"Action,Crime,Drama",7.5,48,6,writer,"book ""The Untouchables""",3,26,Oscar Fraley,1914,1994,writer
tt96578879,Silent Partner,Silent Partner,1962,52,"Action,Crime,Drama",7.9,58,7,writer,"book ""The Untouchables""",3,14,Oscar Fraley,1914,1994,writer
tt87221274,Takeover,Takeover,1962,52,"Action,Crime,Drama",8.3,63,9,writer,"book ""The Untouchables""",3,17,Oscar Fraley,1914,1994,writer
tt76356620,The Canada Run,The Canada Run,1962,52,"Action,Crime,Drama",8.1,53,7,writer,"book ""The Untouchables""",3,11,Oscar Fraley,1914,1994,writer
tt89783359,The Case Against Eliot Ness,The Case Against Eliot Ness,1962,52,"Action,Crime,Drama",8.1,55,8,writer,"book ""The Untouchables""",3,23,Oscar Fraley,1914,1994,writer
tt13924079,The Chess Game,The Chess Game,1962,52,"Action,Crime,Drama",8.3,46,7,writer,"book ""The Untouchables""",4,3,Oscar Fraley,1914,1994,writer
tt63875386,The Contract,The Contract,1962,52,"Action,Crime,Drama",7.8,52,8,writer,"book ""The Untouchables""",3,25,Oscar Fraley,1914,1994,writer
tt90525967,The Cooker in the Sky,The Cooker in the Sky,1962,52,"Action,Crime,Drama",7.1,45,7,writer,"book ""The Untouchables""",4,2,Oscar Fraley,1914,1994,writer
tt78730199,The Death Tree,The Death Tree,1962,52,"Action,Crime,Drama",8.2,77,6,writer,"novel ""The Untouchables""",3,16,Oscar Fraley,1914,1994,writer
tt53756531,The Economist,The Economist,1962,52,"Action,Crime,Drama",7.8,40,6,writer,book,4,4,Oscar Fraley,1914,1994,writer
tt52540989,The Eddie OGara Story,The Eddie OGara Story,1962,52,"Action,Crime,Drama",7.3,41,8,writer,"book ""The Untouchables""",4,7,Oscar Fraley,1914,1994,writer
tt41877824,The Floyd Gibbons Story,The Floyd Gibbons Story,1962,52,"Action,Crime,Drama",7.4,44,7,writer,"book ""The Untouchables""",4,11,Oscar Fraley,1914,1994,writer
tt66468710,The Gang War,The Gang War,1962,52,"Action,Crime,Drama",7.8,58,8,writer,"book ""The Untouchables""",3,13,Oscar Fraley,1914,1994,writer
tt88176302,The Ginnie Littlesmith Story,The Ginnie Littlesmith Story,1962,52,"Action,Crime,Drama",7.2,53,8,writer,"book ""The Untouchables""",3,24,Oscar Fraley,1914,1994,writer
tt40334156,The Maggie Storm Story,The Maggie Storm Story,1962,60,"Action,Crime,Drama",7.7,59,7,writer,"book ""The Untouchables""",3,20,Oscar Fraley,1914,1994,writer
tt75409496,The Monkey Wrench,The Monkey Wrench,1962,52,"Action,Crime,Drama",7.7,49,8,writer,"book ""The Untouchables""",3,28,Oscar Fraley,1914,1994,writer
tt20815919,The Night They Shot Santa Claus,The Night They Shot Santa Claus,1962,52,"Action,Crime,Drama",7.3,66,6,writer,"book ""The Untouchables""",4,1,Oscar Fraley,1914,1994,writer
tt10820619,The Pea,The Pea,1962,52,"Action,Crime,Drama",7.9,43,6,writer,"book ""The Untouchables""",4,5,Oscar Fraley,1914,1994,writer
tt63219933,The Stryker Brothers,The Stryker Brothers,1962,52,"Action,Crime,Drama",8.0,54,8,writer,"book ""The Untouchables""",3,18,Oscar Fraley,1914,1994,writer
tt86476590,The Whitey Steele Story,The Whitey Steele Story,1962,52,"Action,Crime,Drama",7.8,54,8,writer,"book ""The Untouchables""",3,15,Oscar Fraley,1914,1994,writer
tt41756902,A Creature Lurks in Ambush,A Creature Lurks in Ambush,1962,60,"Crime,Drama",6.7,8,5,writer,creator,1,27,Paul Monash,1917,2003,"writer,producer,miscellaneous"
tt24252813,Blues for a Junkman Arthur Troy,Blues for a Junkman Arthur Troy,1962,60,"Crime,Drama",7.7,19,7,writer,creator,1,21,Paul Monash,1917,2003,"writer,producer,miscellaneous"
tt28609167,Inside Track,Inside Track,1962,60,"Crime,Drama",6.8,6,6,writer,creator,1,26,Paul Monash,1917,2003,"writer,producer,miscellaneous"
tt21527632,Murder by Proxy Earl Klegg,Murder by Proxy Earl Klegg,1962,60,"Crime,Drama",6.4,9,7,writer,creator,1,19,Paul Monash,1917,2003,"writer,producer,miscellaneous"
tt53977407,Cost of Living Howard Judlow,Cost of Living Howard Judlow,1962,60,"Crime,Drama",6.0,8,7,writer,creator,1,23,Paul Monash,1917,2003,"writer,producer,miscellaneous"
tt83124536,The Debasers Milton Bonner and Phillip Colerane,The Debasers Milton Bonner and Phillip Colerane,1962,60,"Crime,Drama",5.8,8,6,writer,creator,1,16,Paul Monash,1917,2003,"writer,producer,miscellaneous"
tt24725386,The Left Side of Canada,The Left Side of Canada,1962,60,"Crime,Drama",6.4,9,7,writer,creator,1,29,Paul Monash,1917,2003,"writer,producer,miscellaneous"
tt12322912,Women of Silure,Women of Silure,1962,60,"Crime,Drama",7.0,6,8,writer,creator,1,28,Paul Monash,1917,2003,"writer,producer,miscellaneous"
tt14485681,A Fist of Five,A Fist of Five,1962,52,"Action,Crime,Drama",8.0,58,8,writer,"book ""The Untouchables""",4,10,Eliot Ness,1903,1957,writer
tt16342711,Arsenal,Arsenal,1962,52,"Action,Crime,Drama",8.1,55,8,writer,"book ""The Untouchables""",3,27,Eliot Ness,1903,1957,writer
tt39862117,Bird in the Hand,Bird in the Hand,1962,52,"Action,Crime,Drama",7.4,45,8,writer,"book ""The Untouchables""",4,6,Eliot Ness,1903,1957,writer
tt98781978,Come and Kill Me,Come and Kill Me,1962,52,"Action,Crime,Drama",6.7,38,8,writer,"book ""The Untouchables""",4,9,Eliot Ness,1903,1957,writer
tt55382338,Doublecross,Doublecross,1962,52,"Action,Crime,Drama",7.5,41,6,writer,"book ""The Untouchables""",4,12,Eliot Ness,1903,1957,writer
tt59595201,Downfall,Downfall,1962,52,"Action,Crime,Drama",7.3,49,6,writer,"book ""The Untouchables""",3,22,Eliot Ness,1903,1957,writer
tt42574506,Elegy,Elegy,1962,52,"Action,Crime,Drama",7.5,53,8,writer,book,4,8,Eliot Ness,1903,1957,writer
tt64330070,Element of Danger,Element of Danger,1962,52,"Action,Crime,Drama",8.3,65,6,writer,"book ""The Untouchables""",3,19,Eliot Ness,1903,1957,writer
tt14028028,Fall Guy,Fall Guy,1962,52,"Action,Crime,Drama",7.9,48,8,writer,"book ""The Untouchables""",3,12,Eliot Ness,1903,1957,writer
tt33289367,Man in the Middle,Man in the Middle,1962,52,"Action,Crime,Drama",7.5,56,6,writer,"book ""The Untouchables""",3,21,Eliot Ness,1903,1957,writer
tt92815681,Pressure,Pressure,1962,52,"Action,Crime,Drama",7.5,48,8,writer,"book ""The Untouchables""",3,26,Eliot Ness,1903,1957,writer
tt72733392,Silent Partner,Silent Partner,1962,52,"Action,Crime,Drama",7.9,58,6,writer,"book ""The Untouchables""",3,14,Eliot Ness,1903,1957,writer
tt35878528,Takeover,Takeover,1962,52,"Action,Crime,Drama",8.3,63,8,writer,"book ""The Untouchables""",3,17,Eliot Ness,1903,1957,writer
tt92979302,The Canada Run,The Canada Run,1962,52,"Action,Crime,Drama",8.1,53,6,writer,"book ""The Untouchables""",3,11,Eliot Ness,1903,1957,writer
tt20999207,The Case Against Eliot Ness,The Case Against Eliot Ness,1962,52,"Action,Crime,Drama",8.1,55,7,writer,"book ""The Untouchables""",3,23,Eliot Ness,1903,1957,writer
tt17198358,The Chess Game,The Chess Game,1962,52,"Action,Crime,Drama",8.3,46,8,writer,"book ""The Untouchables""",4,3,Eliot Ness,1903,1957,writer
tt68184015,The Contract,The Contract,1962,52,"Action,Crime,Drama",7.8,52,7,writer,"book ""The Untouchables""",3,25,Eliot Ness,1903,1957,writer
tt72962678,The Cooker in the Sky,The Cooker in the Sky,1962,52,"Action,Crime,Drama",7.1,45,8,writer,"book ""The Untouchables""",4,2,Eliot Ness,1903,1957,writer
tt17056555,The Death Tree,The Death Tree,1962,52,"Action,Crime,Drama",8.2,77,8,writer,"novel ""The Untouchables""",3,16,Eliot Ness,1903,1957,writer
tt94304331,The Economist,The Economist,1962,52,"Action,Crime,Drama",7.8,40,8,writer,book,4,4,Eliot Ness,1903,1957,writer
tt51330104,The Eddie OGara Story,The Eddie OGara Story,1962,52,"Action,Crime,Drama",7.3,41,7,writer,"book ""The Untouchables""",4,7,Eliot Ness,1903,1957,writer
tt17017006,The Floyd Gibbons Story,The Floyd Gibbons Story,1962,52,"Action,Crime,Drama",7.4,44,8,writer,"book ""The Untouchables""",4,11,Eliot Ness,1903,1957,writer
tt74806793,The Gang War,The Gang War,1962,52,"Action,Crime,Drama",7.8,58,7,writer,"book ""The Untouchables""",3,13,Eliot Ness,1903,1957,writer
tt96782415,The Ginnie Littlesmith Story,The Ginnie Littlesmith Story,1962,52,"Action,Crime,Drama",7.2,53,7,writer,"book ""The Untouchables""",3,24,Eliot Ness,1903,1957,writer
tt75041924,The Maggie Storm Story,The Maggie Storm Story,1962,60,"Action,Crime,Drama",7.7,59,6,writer,"book ""The Untouchables""",3,20,Eliot Ness,1903,1957,writer
tt24070990,The Monkey Wrench,The Monkey Wrench,1962,52,"Action,Crime,Drama",7.7,49,7,writer,"book ""The Untouchables""",3,28,Eliot Ness,1903,1957,writer
tt94672860,The Night They Shot Santa Claus,The Night They Shot Santa Claus,1962,52,"Action,Crime,Drama",7.3,66,7,writer,"book ""The Untouchables""",4,1,Eliot Ness,1903,1957,writer
tt95951794,The Pea,The Pea,1962,52,"Action,Crime,Drama",7.9,43,8,writer,"book ""The Untouchables""",4,5,Eliot Ness,1903,1957,writer
tt36289844,The Stryker Brothers,The Stryker Brothers,1962,52,"Action,Crime,Drama",8.0,54,7,writer,"book ""The Untouchables""",3,18,Eliot Ness,1903,1957,writer
tt22694752,The Whitey Steele Story,The Whitey Steele Story,1962,52,"Action,Crime,Drama",7.8,54,7,writer,"book ""The Untouchables""",3,15,Eliot Ness,1903,1957,writer
tt50526118,Portrait of a Bridegroom,Portrait of a Bridegroom,1962,25,Comedy,9.1,24,6,producer,producer,1,1,Duncan Wood,1925,1997,"producer,director"
tt35402162,The Offer Pilot,The Offer Pilot,1962,29,Comedy,7.5,70,5,producer,producer,1,1,Duncan Wood,1925,1997,"producer,director"
tt63123726,Pericles on 31st Street,Pericles on 31st Street,1962,60,"Comedy,Drama",8.7,23,6,writer,teleplay,2,10,Harry Mark Petrakis,1923,2021,writer
tt47088838,Man Out of Time,Man Out of Time,1962,51,Adventure,7.4,70,6,writer,written by,3,3,Lawrence B. Marcus,1917,2001,"writer,miscellaneous"
tt87030829,Voice at the End of the Line,Voice at the End of the Line,1962,51,Adventure,8.5,89,6,writer,written by,3,5,Lawrence B. Marcus,1917,2001,"writer,miscellaneous"
tt14597701,Where Is Chick Lorimer Where Has She Gone,Where Is Chick Lorimer Where Has She Gone,1962,50,Adventure,7.1,67,6,writer,teleplay,3,13,Lawrence B. Marcus,1917,2001,"writer,miscellaneous"
tt75074468,Leap My Lovely,Leap My Lovely,1962,60,"Action,Crime,Drama",7.5,32,6,writer,written by,5,2,Lawrence Kimble,1904,1977,"writer,miscellaneous"
tt98953040,Shadow on Your Shoulder,Shadow on Your Shoulder,1962,60,"Action,Crime,Drama",7.8,31,6,writer,written by,5,9,Lawrence Kimble,1904,1977,"writer,miscellaneous"
tt42652303,The Dark Wood,The Dark Wood,1962,60,"Action,Crime,Drama",7.4,30,6,writer,teleplay,5,8,Lawrence Kimble,1904,1977,"writer,miscellaneous"
tt37760887,The Disappearance,The Disappearance,1962,60,"Action,Crime,Drama",7.9,35,6,writer,teleplay,4,32,Lawrence Kimble,1904,1977,"writer,miscellaneous"
tt94421410,The Gemmologist Caper,The Gemmologist Caper,1962,60,"Action,Crime,Drama",7.9,26,6,writer,teleplay,4,34,Lawrence Kimble,1904,1977,"writer,miscellaneous"
tt36187966,The Raiders,The Raiders,1962,60,"Action,Crime,Drama",8.1,32,6,writer,teleplay,5,4,Lawrence Kimble,1904,1977,"writer,miscellaneous"
tt19119021,Mighty Like Rogues,Mighty Like Rogues,1962,60,Western,6.3,9,7,writer,story,1,20,Lawrence Kimble,1904,1977,"writer,miscellaneous"
tt17519082,Mr Grady Regrets,Mr Grady Regrets,1962,50,Western,6.1,9,6,writer,written by,1,13,Lawrence Kimble,1904,1977,"writer,miscellaneous"
tt26325814,A Purple Heart for Gruber,A Purple Heart for Gruber,1962,30,"Comedy,War",6.7,70,6,writer,written by,1,2,Danny Arnold,1925,1995,"writer,producer,script_department"
tt25509587,Bubble Bubble Toil and Trouble,Bubble Bubble Toil and Trouble,1962,30,"Comedy,Family",8.4,19,8,producer,producer,5,27,Danny Arnold,1925,1995,"writer,producer,script_department"
tt62934213,Georges Nephew,Georges Nephew,1962,30,"Comedy,Family",8.0,17,9,producer,producer,5,17,Danny Arnold,1925,1995,"writer,producer,script_department"
tt48339513,Pepino McCoy Citizen,Pepino McCoy Citizen,1962,30,"Comedy,Family",8.1,19,9,producer,producer,5,14,Danny Arnold,1925,1995,"writer,producer,script_department"
tt43056993,Allergies Anonymous,Allergies Anonymous,1962,30,"Comedy,Family",7.3,15,6,writer,teleplay,5,24,Danny Arnold,1925,1995,"writer,producer,script_department"
tt97675745,Dont Judge a Book,Dont Judge a Book,1962,30,"Comedy,Family",8.7,18,9,producer,producer,5,28,Danny Arnold,1925,1995,"writer,producer,script_department"
tt58164829,Double Date,Double Date,1962,30,"Comedy,Family",7.4,14,7,producer,producer,5,18,Danny Arnold,1925,1995,"writer,producer,script_department"
tt90385233,In Grampa We Trust,In Grampa We Trust,1962,30,"Comedy,Family",6.7,15,9,producer,producer,5,22,Danny Arnold,1925,1995,"writer,producer,script_department"
tt67460381,Made in Italy,Made in Italy,1962,30,"Comedy,Family",6.9,17,8,producer,producer,5,19,Danny Arnold,1925,1995,"writer,producer,script_department"
tt81150508,Meeting Hassies Friends,Meeting Hassies Friends,1962,30,"Comedy,Family",7.1,16,9,producer,producer,5,15,Danny Arnold,1925,1995,"writer,producer,script_department"
tt33344411,Never a Lender Be,Never a Lender Be,1962,30,"Comedy,Family",7.4,16,9,producer,producer,5,23,Danny Arnold,1925,1995,"writer,producer,script_department"
tt34552815,Pepinos Fortune,Pepinos Fortune,1962,30,"Comedy,Family",7.6,16,9,producer,producer,5,25,Danny Arnold,1925,1995,"writer,producer,script_department"
tt32410975,Pepinos Vacation,Pepinos Vacation,1962,30,"Comedy,Family",8.2,15,8,producer,producer,5,26,Danny Arnold,1925,1995,"writer,producer,script_department"
tt55624710,The Law and Mr McCoy,The Law and Mr McCoy,1962,30,"Comedy,Family",7.5,15,9,producer,producer,5,16,Danny Arnold,1925,1995,"writer,producer,script_department"
tt98456858,The Raffle Ticket,The Raffle Ticket,1962,30,"Comedy,Family",8.5,16,9,producer,producer,5,29,Danny Arnold,1925,1995,"writer,producer,script_department"
tt15595720,The Washing Machine,The Washing Machine,1962,30,"Comedy,Family",7.2,15,9,producer,producer,5,13,Danny Arnold,1925,1995,"writer,producer,script_department"
tt69064632,Whos Margie,Whos Margie,1962,30,"Comedy,Family",7.7,15,9,producer,producer,5,20,Danny Arnold,1925,1995,"writer,producer,script_department"
tt25068341,Youre as Young as You Feel,Youre as Young as You Feel,1962,30,"Comedy,Family",8.2,16,8,producer,producer,5,21,Danny Arnold,1925,1995,"writer,producer,script_department"
tt15342597,Storm at Birch Glen,Storm at Birch Glen,1962,60,"Crime,Drama",7.7,15,7,writer,written by,1,19,Jerome Ross,1911,2012,"writer,miscellaneous"
tt62806336,The Crusader,The Crusader,1962,60,"Crime,Drama",7.9,11,7,writer,written by,1,23,Jerome Ross,1911,2012,"writer,miscellaneous"
tt53234259,Scene of the Crime,Scene of the Crime,1962,60,"Action,Adventure,Crime",6.9,11,6,writer,teleplay,3,35,Leo Townsend,1908,1987,writer
tt23938609,Chase the Dragon,Chase the Dragon,1962,60,Drama,7.3,7,6,writer,writer,1,18,Harry Kleiner,1916,2007,"writer,producer"
tt58531526,The Blind Goddess,The Blind Goddess,1962,60,Drama,7.3,7,6,writer,writer,1,28,Harry Kleiner,1916,2007,"writer,producer"
tt83020906,Andy on Trial,Andy on Trial,1962,26,"Comedy,Family",8.6,377,6,writer,written by,2,29,Jack Elinson,1922,2011,"writer,producer,script_department"
tt18938594,Aunt Bee the Warden,Aunt Bee the Warden,1962,25,"Comedy,Family",8.5,361,7,writer,written by,2,23,Jack Elinson,1922,2011,"writer,producer,script_department"
tt54322033,Barney and the Choir,Barney and the Choir,1962,26,"Comedy,Family",8.9,446,7,writer,written by,2,20,Jack Elinson,1922,2011,"writer,producer,script_department"
tt92810621,Guest of Honor,Guest of Honor,1962,30,"Comedy,Family",7.9,278,6,writer,written by,2,21,Jack Elinson,1922,2011,"writer,producer,script_department"
tt97089211,The County Nurse,The County Nurse,1962,26,"Comedy,Family",7.8,329,6,writer,written by,2,24,Jack Elinson,1922,2011,"writer,producer,script_department"
tt41319928,The Farmer Takes a Wife,The Farmer Takes a Wife,1962,26,"Comedy,Family",7.9,328,7,writer,written by,2,13,Jack Elinson,1922,2011,"writer,producer,script_department"
tt97732106,The Jinx,The Jinx,1962,26,"Comedy,Family",7.7,319,6,writer,written by,2,17,Jack Elinson,1922,2011,"writer,producer,script_department"
tt82784478,The Keeper of the Flame,The Keeper of the Flame,1962,26,"Comedy,Family",8.1,319,6,writer,written by,2,14,Jack Elinson,1922,2011,"writer,producer,script_department"
tt53665473,The Manicurist,The Manicurist,1962,26,"Comedy,Family",8.6,439,7,writer,written by,2,16,Jack Elinson,1922,2011,"writer,producer,script_department"
tt12916687,Threes a Crowd,Threes a Crowd,1962,26,"Comedy,Family",8.2,347,7,writer,written by,2,27,Jack Elinson,1922,2011,"writer,producer,script_department"
tt37010321,Bunny Cooks a Meal,Bunny Cooks a Meal,1962,30,"Comedy,Family",7.5,13,6,writer,written by,9,24,Jack Elinson,1922,2011,"writer,producer,script_department"
tt29250057,Bunny the Brownie Leader,Bunny the Brownie Leader,1962,30,"Comedy,Family",8.0,11,6,writer,written by,10,13,Jack Elinson,1922,2011,"writer,producer,script_department"
tt25561215,Casanova Junior,Casanova Junior,1962,30,"Comedy,Family",7.8,16,6,writer,written by,9,21,Jack Elinson,1922,2011,"writer,producer,script_department"
tt55720320,Dannys English Friend,Dannys English Friend,1962,30,"Comedy,Family",8.0,8,7,producer,producer,10,12,Jack Elinson,1922,2011,"writer,producer,script_department"
tt27967430,Dannys Replacement,Dannys Replacement,1962,30,"Comedy,Family",8.0,12,7,writer,written by,10,2,Jack Elinson,1922,2011,"writer,producer,script_department"
tt55974557,Joses Protege,Joses Protege,1962,30,"Comedy,Family",6.5,13,7,writer,written by,9,25,Jack Elinson,1922,2011,"writer,producer,script_department"
tt78843454,Jose the Scholar,Jose the Scholar,1962,30,"Comedy,Family",7.1,10,7,writer,written by,10,9,Jack Elinson,1922,2011,"writer,producer,script_department"
tt30225053,Ten Years Ago Today,Ten Years Ago Today,1962,30,"Comedy,Family",8.1,9,5,writer,written by,10,8,Jack Elinson,1922,2011,"writer,producer,script_department"
tt23299086,The Baby Hates Charley,The Baby Hates Charley,1962,30,"Comedy,Family",7.0,11,6,writer,written by,10,1,Jack Elinson,1922,2011,"writer,producer,script_department"
tt40281573,Charley the Artist,Charley the Artist,1962,30,"Comedy,Family",6.8,8,7,writer,written by,10,14,Jack Elinson,1922,2011,"writer,producer,script_department"
tt46322855,Danny and Bob Get Away from It All,Danny and Bob Get Away from It All,1962,30,"Comedy,Family",7.8,16,6,writer,written by,9,26,Jack Elinson,1922,2011,"writer,producer,script_department"
tt56224872,The PTA Bash,The PTA Bash,1962,30,"Comedy,Family",7.1,10,7,writer,written by,9,19,Jack Elinson,1922,2011,"writer,producer,script_department"
tt38214943,Temper Temper,Temper Temper,1962,30,"Comedy,Family",6.8,14,7,writer,written by,9,22,Jack Elinson,1922,2011,"writer,producer,script_department"
tt94178463,Kathy the Pro,Kathy the Pro,1962,30,"Comedy,Family",7.0,13,7,writer,written by,9,28,Jack Elinson,1922,2011,"writer,producer,script_department"
tt37321792,Baby,Baby,1962,30,"Comedy,Family",7.9,14,6,writer,written by,9,31,Jack Elinson,1922,2011,"writer,producer,script_department"
tt36880823,Jose Rents the Copa,Jose Rents the Copa,1962,30,"Comedy,Family",7.4,9,6,writer,written by,10,5,Jack Elinson,1922,2011,"writer,producer,script_department"
tt67914916,Rusty for President,Rusty for President,1962,30,"Comedy,Family",7.3,12,7,writer,written by,10,6,Jack Elinson,1922,2011,"writer,producer,script_department"
tt94319097,What Are Friends For,What Are Friends For,1962,30,"Comedy,Family",7.1,11,6,writer,written by,10,3,Jack Elinson,1922,2011,"writer,producer,script_department"
tt51270270,Tonoose Life of the Party,Tonoose Life of the Party,1962,30,"Comedy,Family",7.8,10,6,writer,written by,10,11,Jack Elinson,1922,2011,"writer,producer,script_department"
tt55322439,Air Force Sketch,Air Force Sketch,1962,30,Comedy,7.3,44,9,writer,written by,13,4,Al Gordon,1923,2012,"writer,producer,miscellaneous"
tt72322832,Alexander Hamilton Story,Alexander Hamilton Story,1962,30,Comedy,7.3,32,8,writer,writer,12,20,Al Gordon,1923,2012,"writer,producer,miscellaneous"
tt93923385,Crazy Airport,Crazy Airport,1962,30,Comedy,8.0,9,8,writer,written by,12,22,Al Gordon,1923,2012,"writer,producer,miscellaneous"
tt50213257,Dennis Surprise Birthday,Dennis Surprise Birthday,1962,30,Comedy,7.6,29,8,writer,written by,12,13,Al Gordon,1923,2012,"writer,producer,miscellaneous"
tt18332702,Ghost Town Western Sketch,Ghost Town Western Sketch,1962,30,Comedy,8.0,39,9,writer,written by,12,17,Al Gordon,1923,2012,"writer,producer,miscellaneous"
tt72256752,How Jack Met Rochester,How Jack Met Rochester,1962,30,Comedy,8.2,10,7,writer,writer,12,15,Al Gordon,1923,2012,"writer,producer,miscellaneous"
tt89118772,Jack Does Opera,Jack Does Opera,1962,30,Comedy,7.0,32,8,writer,written by,12,12,Al Gordon,1923,2012,"writer,producer,miscellaneous"
tt47178308,Jack Gets Passport,Jack Gets Passport,1962,30,Comedy,7.9,12,8,writer,writer,12,14,Al Gordon,1923,2012,"writer,producer,miscellaneous"
tt65545481,Jack Gives a Dinner Party,Jack Gives a Dinner Party,1962,30,Comedy,7.4,14,7,writer,writer,13,8,Al Gordon,1923,2012,"writer,producer,miscellaneous"
tt13067917,Jack Going Back Into Pictures,Jack Going Back Into Pictures,1962,30,Comedy,7.2,26,8,writer,written by,12,23,Al Gordon,1923,2012,"writer,producer,miscellaneous"
tt31872801,Jack Is Violin Teacher,Jack Is Violin Teacher,1962,30,Comedy,7.7,27,8,writer,written by,12,24,Al Gordon,1923,2012,"writer,producer,miscellaneous"
tt47816126,Jack Meets Japanese Agent,Jack Meets Japanese Agent,1962,30,Comedy,8.2,39,8,writer,written by,13,9,Al Gordon,1923,2012,"writer,producer,miscellaneous"
tt28037405,Jack Plays Tarzan,Jack Plays Tarzan,1962,30,Comedy,7.9,47,9,writer,written by,13,7,Al Gordon,1923,2012,"writer,producer,miscellaneous"
tt29615523,Jack and the Crying Cab Driver,Jack and the Crying Cab Driver,1962,30,Comedy,8.0,50,8,writer,written by,13,12,Al Gordon,1923,2012,"writer,producer,miscellaneous"
tt19502749,Julie London Show,Julie London Show,1962,30,Comedy,7.9,34,8,writer,written by,12,19,Al Gordon,1923,2012,"writer,producer,miscellaneous"
tt33963201,Modern Prison Sketch,Modern Prison Sketch,1962,30,Comedy,7.8,36,8,writer,written by,12,25,Al Gordon,1923,2012,"writer,producer,miscellaneous"
tt19409375,Police Station Show,Police Station Show,1962,30,Comedy,7.6,13,8,writer,written by,12,16,Al Gordon,1923,2012,"writer,producer,miscellaneous"
tt75409777,Rock Hudson Show,Rock Hudson Show,1962,30,Comedy,8.1,17,7,writer,writer,12,18,Al Gordon,1923,2012,"writer,producer,miscellaneous"
tt61548920,The Bob Hope Show,The Bob Hope Show,1962,30,Comedy,8.1,42,8,writer,written by,13,10,Al Gordon,1923,2012,"writer,producer,miscellaneous"
tt67889366,The Lawrence Welk Show,The Lawrence Welk Show,1962,30,Comedy,8.0,37,9,writer,written by,13,5,Al Gordon,1923,2012,"writer,producer,miscellaneous"
tt95996080,The Phil Silvers Show,The Phil Silvers Show,1962,30,Comedy,7.2,31,9,writer,written by,13,3,Al Gordon,1923,2012,"writer,producer,miscellaneous"
tt99238872,The Story of Jack Referees Wrestling Match,The Story of Jack Referees Wrestling Match,1962,30,Comedy,8.2,33,8,writer,written by,13,11,Al Gordon,1923,2012,"writer,producer,miscellaneous"
tt88715732,The Story of My Gang Comedy,The Story of My Gang Comedy,1962,30,Comedy,7.3,43,9,writer,written by,13,6,Al Gordon,1923,2012,"writer,producer,miscellaneous"
tt42670918,The Story of the New Talent Show,The Story of the New Talent Show,1962,30,Comedy,7.8,33,9,writer,written by,13,13,Al Gordon,1923,2012,"writer,producer,miscellaneous"
tt14761043,Premiere Show intro by Groucho Marx guests Joan Crawford Rudy Vallee Tony Bennett Mel Brooks,Premiere Show intro by Groucho Marx guests Joan Crawford Rudy Vallee Tony Bennett Mel Brooks,1962,105,"Comedy,Talk-Show",2.2,134,7,writer,writer,1,1,Al Gordon,1923,2012,"writer,producer,miscellaneous"
tt21602182,Barbra Streisand Dennis Weaver Jean Carroll Sander Vanocur The Mickey Roberts Trio,Barbra Streisand Dennis Weaver Jean Carroll Sander Vanocur The Mickey Roberts Trio,1962,105,"Comedy,Talk-Show",9.0,53,6,writer,writer,1,4,Al Gordon,1923,2012,"writer,producer,miscellaneous"
tt38042670,Barbra Streisand Beatrice Lillie Gloria Lambert The Clancy Brothers,Barbra Streisand Beatrice Lillie Gloria Lambert The Clancy Brothers,1962,105,"Comedy,Talk-Show",9.0,53,6,writer,writer,1,25,Al Gordon,1923,2012,"writer,producer,miscellaneous"
tt69074370,Tallulah Bankhead Artie Shaw Shelley Berman Fran Bennett Bob Carroll,Tallulah Bankhead Artie Shaw Shelley Berman Fran Bennett Bob Carroll,1962,105,"Comedy,Talk-Show",8.1,26,6,writer,writer,1,2,Al Gordon,1923,2012,"writer,producer,miscellaneous"
tt40421516,Janet Leigh Red Buttons Fran Jeffries Eddie Fisher,Janet Leigh Red Buttons Fran Jeffries Eddie Fisher,1962,105,"Comedy,Talk-Show",7.2,28,6,writer,writer,1,17,Al Gordon,1923,2012,"writer,producer,miscellaneous"
tt79816202,A Lamp for Dave  June,A Lamp for Dave  June,1962,30,"Comedy,Drama,Family",6.6,26,6,writer,screenplay,10,16,Dick Bensfield,1926,2016,"writer,producer,script_department"
tt17573133,Lending Money to Wally,Lending Money to Wally,1962,30,"Comedy,Drama,Family",8.3,10,6,writer,screenplay,10,20,Dick Bensfield,1926,2016,"writer,producer,script_department"
tt33770092,Making Wally Study,Making Wally Study,1962,30,"Comedy,Drama,Family",7.1,32,7,writer,screenplay,10,19,Dick Bensfield,1926,2016,"writer,producer,script_department"
tt85097686,Rick and the Maid of Honor,Rick and the Maid of Honor,1962,30,"Comedy,Drama,Family",6.9,33,6,writer,screenplay,11,1,Dick Bensfield,1926,2016,"writer,producer,script_department"
tt95546762,The Randolphs Niece,The Randolphs Niece,1962,30,"Comedy,Drama,Family",7.3,19,5,writer,screenplay,10,15,Dick Bensfield,1926,2016,"writer,producer,script_department"
tt38727885,Clients Daughter,Clients Daughter,1962,30,"Comedy,Drama,Family",6.8,9,5,writer,screenplay,10,22,Dick Bensfield,1926,2016,"writer,producer,script_department"
tt63949483,Little Handprints in the Sidewalk,Little Handprints in the Sidewalk,1962,30,"Comedy,Drama,Family",7.8,17,5,writer,screenplay,10,25,Dick Bensfield,1926,2016,"writer,producer,script_department"
tt51162445,Lonesome Parents,Lonesome Parents,1962,30,"Comedy,Drama,Family",6.6,24,5,writer,screenplay,10,21,Dick Bensfield,1926,2016,"writer,producer,script_department"
tt15529318,Losing Miss Edwards,Losing Miss Edwards,1962,30,"Comedy,Drama,Family",7.4,11,6,writer,screenplay,11,10,Dick Bensfield,1926,2016,"writer,producer,script_department"
tt20379469,Rick Sends a Picture,Rick Sends a Picture,1962,30,"Comedy,Drama,Family",7.2,17,5,writer,screenplay,11,8,Dick Bensfield,1926,2016,"writer,producer,script_department"
tt35818419,Rick the Host,Rick the Host,1962,30,"Comedy,Drama,Family",6.8,15,7,writer,written by,11,9,Dick Bensfield,1926,2016,"writer,producer,script_department"
tt12173439,The Tigers Go to a Dance,The Tigers Go to a Dance,1962,30,"Comedy,Drama,Family",6.9,22,7,writer,screenplay,11,6,Dick Bensfield,1926,2016,"writer,producer,script_department"
tt22260598,The Trip to Mexico,The Trip to Mexico,1962,30,"Comedy,Drama,Family",7.4,11,5,writer,screenplay,11,5,Dick Bensfield,1926,2016,"writer,producer,script_department"
tt87628711,Mrs Bradfords Recipe,Mrs Bradfords Recipe,1962,30,"Comedy,Drama,Family",8.2,10,5,writer,screenplay,11,2,Dick Bensfield,1926,2016,"writer,producer,script_department"
tt40873634,Backyard Pet Show,Backyard Pet Show,1962,30,"Comedy,Drama,Family",7.7,10,5,writer,screenplay,10,13,Dick Bensfield,1926,2016,"writer,producer,script_department"
tt32913707,Operation Barry,Operation Barry,1962,30,"Comedy,Drama,Family",7.4,15,5,writer,screenplay,10,18,Dick Bensfield,1926,2016,"writer,producer,script_department"
tt23601266,The Special Cake,The Special Cake,1962,30,"Comedy,Drama,Family",8.0,12,5,writer,screenplay,10,14,Dick Bensfield,1926,2016,"writer,producer,script_department"
tt92944413,An Old Friend of Junes,An Old Friend of Junes,1962,30,"Comedy,Drama,Family",7.0,14,5,writer,screenplay,11,11,Dick Bensfield,1926,2016,"writer,producer,script_department"
tt87338568,A Lamp for Dave  June,A Lamp for Dave  June,1962,30,"Comedy,Drama,Family",6.6,26,7,writer,screenplay,10,16,Perry Grant,1924,2004,"writer,producer,script_department"
tt70562011,Lending Money to Wally,Lending Money to Wally,1962,30,"Comedy,Drama,Family",8.3,10,7,writer,screenplay,10,20,Perry Grant,1924,2004,"writer,producer,script_department"
tt60818002,Making Wally Study,Making Wally Study,1962,30,"Comedy,Drama,Family",7.1,32,5,writer,screenplay,10,19,Perry Grant,1924,2004,"writer,producer,script_department"
tt18050472,Rick and the Maid of Honor,Rick and the Maid of Honor,1962,30,"Comedy,Drama,Family",6.9,33,7,writer,screenplay,11,1,Perry Grant,1924,2004,"writer,producer,script_department"
tt35812466,The Randolphs Niece,The Randolphs Niece,1962,30,"Comedy,Drama,Family",7.3,19,6,writer,screenplay,10,15,Perry Grant,1924,2004,"writer,producer,script_department"
tt96913758,Clients Daughter,Clients Daughter,1962,30,"Comedy,Drama,Family",6.8,9,6,writer,screenplay,10,22,Perry Grant,1924,2004,"writer,producer,script_department"
tt90711801,Little Handprints in the Sidewalk,Little Handprints in the Sidewalk,1962,30,"Comedy,Drama,Family",7.8,17,6,writer,screenplay,10,25,Perry Grant,1924,2004,"writer,producer,script_department"
tt89782855,Lonesome Parents,Lonesome Parents,1962,30,"Comedy,Drama,Family",6.6,24,6,writer,screenplay,10,21,Perry Grant,1924,2004,"writer,producer,script_department"
tt15456770,Losing Miss Edwards,Losing Miss Edwards,1962,30,"Comedy,Drama,Family",7.4,11,7,writer,screenplay,11,10,Perry Grant,1924,2004,"writer,producer,script_department"
tt25895977,Rick Sends a Picture,Rick Sends a Picture,1962,30,"Comedy,Drama,Family",7.2,17,6,writer,screenplay,11,8,Perry Grant,1924,2004,"writer,producer,script_department"
tt20294170,Rick the Host,Rick the Host,1962,30,"Comedy,Drama,Family",6.8,15,5,writer,written by,11,9,Perry Grant,1924,2004,"writer,producer,script_department"
tt21488749,The Tigers Go to a Dance,The Tigers Go to a Dance,1962,30,"Comedy,Drama,Family",6.9,22,5,writer,screenplay,11,6,Perry Grant,1924,2004,"writer,producer,script_department"
tt12876836,The Trip to Mexico,The Trip to Mexico,1962,30,"Comedy,Drama,Family",7.4,11,6,writer,screenplay,11,5,Perry Grant,1924,2004,"writer,producer,script_department"
tt42166091,Mrs Bradfords Recipe,Mrs Bradfords Recipe,1962,30,"Comedy,Drama,Family",8.2,10,6,writer,screenplay,11,2,Perry Grant,1924,2004,"writer,producer,script_department"
tt34649296,Backyard Pet Show,Backyard Pet Show,1962,30,"Comedy,Drama,Family",7.7,10,6,writer,screenplay,10,13,Perry Grant,1924,2004,"writer,producer,script_department"
tt19088531,Operation Barry,Operation Barry,1962,30,"Comedy,Drama,Family",7.4,15,6,writer,screenplay,10,18,Perry Grant,1924,2004,"writer,producer,script_department"
tt56287276,The Special Cake,The Special Cake,1962,30,"Comedy,Drama,Family",8.0,12,6,writer,screenplay,10,14,Perry Grant,1924,2004,"writer,producer,script_department"
tt42669724,An Old Friend of Junes,An Old Friend of Junes,1962,30,"Comedy,Drama,Family",7.0,14,6,writer,screenplay,11,11,Perry Grant,1924,2004,"writer,producer,script_department"
tt51749405,The Twelve Hour Caper,The Twelve Hour Caper,1962,30,"Comedy,Crime,Drama",8.0,378,6,writer,story,7,34,Mike Marmer,1925,2002,"writer,miscellaneous,producer"
tt27511414,The Bridal Trail Caper,The Bridal Trail Caper,1962,60,"Action,Crime,Drama",8.1,34,6,writer,written by,4,20,John K. Butler,1908,1964,writer
tt68216337,The Catspaw Caper,The Catspaw Caper,1962,60,"Action,Crime,Drama",7.9,25,6,writer,written by,5,6,John K. Butler,1908,1964,writer
tt37722806,Fort Bowie Urgent,Fort Bowie Urgent,1962,30,Western,7.9,19,6,writer,written by,11,4,John K. Butler,1908,1964,writer
tt75682533,The Hangtown Fry,The Hangtown Fry,1962,30,Western,8.2,17,6,writer,writer,11,1,John K. Butler,1908,1964,writer
tt57414840,The Long Count,The Long Count,1962,50,Western,8.4,77,9,cinematographer,director of photography,4,13,John M. Nickolaus Jr.,1913,1985,"cinematographer,camera_department,actor"
tt27285169,The Peddler,The Peddler,1962,51,Western,8.5,98,10,cinematographer,director of photography,4,15,John M. Nickolaus Jr.,1913,1985,"cinematographer,camera_department,actor"
tt53982531,The Woman Trap,The Woman Trap,1962,51,Western,8.4,78,9,cinematographer,director of photography,4,16,John M. Nickolaus Jr.,1913,1985,"cinematographer,camera_department,actor"
tt56685508,The Dumbest Blonde,The Dumbest Blonde,1962,60,Adventure,9.4,6,9,cinematographer,director of photography,1,21,Kenneth Peach,1903,1988,"cinematographer,camera_department,special_effects"
tt27200343,Miracle at Whiskey Gulch,Miracle at Whiskey Gulch,1962,25,Western,8.8,24,7,writer,teleplay,10,15,Terence Maples,1915,1980,writer
tt66575510,Suzie,Suzie,1962,25,Western,8.4,24,7,writer,teleplay,11,3,Terence Maples,1915,1980,writer
tt40549922,The Quick and the Deadly,The Quick and the Deadly,1962,60,Western,8.5,62,6,writer,story,7,5,Buckley Angell,1907,2000,writer
tt91901447,The Fortune Hunter,The Fortune Hunter,1962,60,Western,7.8,57,6,writer,teleplay,4,3,Buckley Angell,1907,2000,writer
tt75661011,The Woman Trap,The Woman Trap,1962,51,Western,8.4,78,6,writer,written by,4,16,Buckley Angell,1907,2000,writer
tt45152344,Babes in Wall Street,Babes in Wall Street,1962,60,Drama,6.8,7,6,writer,teleplay,1,23,Harry Essex,1910,1997,"writer,director,producer"
tt86951682,My Native Land,My Native Land,1962,60,Drama,7.0,8,6,writer,teleplay,1,24,Harry Essex,1910,1997,"writer,director,producer"
tt39776201,Play It Blue,Play It Blue,1962,60,Drama,6.8,9,6,writer,writer,1,17,Harry Essex,1910,1997,"writer,director,producer"
tt71556711,Yankee Dollar,Yankee Dollar,1962,60,Drama,6.8,7,7,writer,writer,1,31,Harry Essex,1910,1997,"writer,director,producer"
tt93405237,The Locket,The Locket,1962,30,Western,8.8,31,9,editor,film editor,4,17,William Wiard,1927,1987,"director,editor,sound_department"
tt19099413,Mr Baileys Honeymoon,Mr Baileys Honeymoon,1962,60,"Action,Crime,Drama",7.8,37,6,writer,written by,4,17,Roger Smith,1932,2017,"actor,soundtrack,writer"
tt28811811,A Likely Story,A Likely Story,1962,60,"Action,Adventure,Crime",6.7,12,9,producer,producer,3,25,Charles Hoffman,1911,1972,"producer,script_department,writer"
tt50318529,A Night with Nora Stewart,A Night with Nora Stewart,1962,60,"Action,Adventure,Crime",7.0,10,7,producer,producer,4,8,Charles Hoffman,1911,1972,"producer,script_department,writer"
tt79502676,A Scent of Whales,A Scent of Whales,1962,60,"Action,Adventure,Crime",7.4,11,9,producer,producer,3,24,Charles Hoffman,1911,1972,"producer,script_department,writer"
tt15187850,Across the River Lethe,Across the River Lethe,1962,60,"Action,Adventure,Crime",7.0,10,7,producer,producer,3,34,Charles Hoffman,1911,1972,"producer,script_department,writer"
tt32062269,Aloha Cricket,Aloha Cricket,1962,60,"Action,Adventure,Crime",6.4,10,8,producer,producer,3,30,Charles Hoffman,1911,1972,"producer,script_department,writer"
tt51712615,Among the Living,Among the Living,1962,60,"Action,Adventure,Crime",6.9,10,7,producer,producer,3,36,Charles Hoffman,1911,1972,"producer,script_department,writer"
tt46127845,An Echo of Honor,An Echo of Honor,1962,60,"Action,Adventure,Crime",7.5,11,8,producer,producer,3,28,Charles Hoffman,1911,1972,"producer,script_department,writer"
tt80908088,Big Fever,Big Fever,1962,60,"Action,Adventure,Crime",6.9,15,7,producer,producer,3,17,Charles Hoffman,1911,1972,"producer,script_department,writer"
tt36343971,Blackmail in Satin,Blackmail in Satin,1962,60,"Action,Adventure,Crime",7.3,9,7,producer,producer,3,23,Charles Hoffman,1911,1972,"producer,script_department,writer"
tt20595693,Crickets Millionaire,Crickets Millionaire,1962,60,"Action,Adventure,Crime",6.6,11,7,producer,producer,3,20,Charles Hoffman,1911,1972,"producer,script_department,writer"
tt53737888,Day in the Sun,Day in the Sun,1962,60,"Action,Adventure,Crime",7.1,11,7,producer,producer,4,1,Charles Hoffman,1911,1972,"producer,script_department,writer"
tt77838776,FourCornered Triangle,FourCornered Triangle,1962,60,"Action,Adventure,Crime",7.2,12,7,producer,producer,3,21,Charles Hoffman,1911,1972,"producer,script_department,writer"
tt76152369,Koko Kate,Koko Kate,1962,60,"Action,Adventure,Crime",7.6,11,7,producer,producer,3,38,Charles Hoffman,1911,1972,"producer,script_department,writer"
tt43329624,Lalama Lady,Lalama Lady,1962,60,"Action,Adventure,Crime",7.3,13,7,producer,producer,3,39,Charles Hoffman,1911,1972,"producer,script_department,writer"
tt61680498,Lament for a Saturday Warrior,Lament for a Saturday Warrior,1962,60,"Action,Adventure,Crime",7.1,11,7,producer,producer,4,5,Charles Hoffman,1911,1972,"producer,script_department,writer"
tt32985531,Little Miss Rich Witch,Little Miss Rich Witch,1962,60,"Action,Adventure,Crime",7.2,14,8,producer,producer,3,16,Charles Hoffman,1911,1972,"producer,script_department,writer"
tt26950335,Location Shooting,Location Shooting,1962,60,"Action,Adventure,Crime",7.2,11,7,producer,producer,3,33,Charles Hoffman,1911,1972,"producer,script_department,writer"
tt13426354,The Meeting on Molokai,The Meeting on Molokai,1962,60,"Action,Adventure,Crime",6.9,12,8,producer,producer,3,26,Charles Hoffman,1911,1972,"producer,script_department,writer"
tt21383722,Nightmare in Paradise,Nightmare in Paradise,1962,60,"Action,Adventure,Crime",6.7,10,7,producer,producer,3,29,Charles Hoffman,1911,1972,"producer,script_department,writer"
tt59850832,Payoff,Payoff,1962,60,"Action,Adventure,Crime",7.9,12,9,producer,producer,3,27,Charles Hoffman,1911,1972,"producer,script_department,writer"
tt81357753,Pursuit of a Lady,Pursuit of a Lady,1962,60,"Action,Adventure,Crime",7.2,13,8,producer,producer,4,10,Charles Hoffman,1911,1972,"producer,script_department,writer"
tt61035752,Rx Cricket,Rx Cricket,1962,60,"Action,Adventure,Crime",7.2,12,8,producer,producer,3,32,Charles Hoffman,1911,1972,"producer,script_department,writer"
tt72032462,Scene of the Crime,Scene of the Crime,1962,60,"Action,Adventure,Crime",6.9,11,8,producer,producer,3,35,Charles Hoffman,1911,1972,"producer,script_department,writer"
tt31958674,Shannon Malloy,Shannon Malloy,1962,60,"Action,Adventure,Crime",7.2,11,8,producer,producer,4,11,Charles Hoffman,1911,1972,"producer,script_department,writer"
tt45324275,Somewhere Theres Music,Somewhere Theres Music,1962,60,"Action,Adventure,Crime",6.7,10,7,producer,producer,4,2,Charles Hoffman,1911,1972,"producer,script_department,writer"
tt86149099,The After Hours Heart,The After Hours Heart,1962,60,"Action,Adventure,Crime",7.7,12,7,producer,producer,4,6,Charles Hoffman,1911,1972,"producer,script_department,writer"
tt22858087,The Broken Thread,The Broken Thread,1962,60,"Action,Adventure,Crime",7.8,13,7,producer,producer,4,4,Charles Hoffman,1911,1972,"producer,script_department,writer"
tt45726569,The Last Samurai,The Last Samurai,1962,60,"Action,Adventure,Crime",6.5,11,7,producer,producer,3,31,Charles Hoffman,1911,1972,"producer,script_department,writer"
tt48361119,The Missile Rogues,The Missile Rogues,1962,60,"Action,Adventure,Crime",6.7,13,9,producer,producer,3,15,Charles Hoffman,1911,1972,"producer,script_department,writer"
tt91403549,The SignOff,The SignOff,1962,60,"Action,Adventure,Crime",7.3,13,7,producer,producer,4,7,Charles Hoffman,1911,1972,"producer,script_department,writer"
tt37977293,Therell Be Some Changes Made,Therell Be Some Changes Made,1962,60,"Action,Adventure,Crime",6.1,14,7,producer,producer,4,3,Charles Hoffman,1911,1972,"producer,script_department,writer"
tt56154011,To See Perchance to Dream,To See Perchance to Dream,1962,60,"Action,Adventure,Crime",7.1,13,7,producer,producer,4,9,Charles Hoffman,1911,1972,"producer,script_department,writer"
tt55489471,Total Eclipse,Total Eclipse,1962,60,"Action,Adventure,Crime",7.3,29,7,producer,producer,3,22,Charles Hoffman,1911,1972,"producer,script_department,writer"
tt31922289,V for Victim,V for Victim,1962,60,"Action,Adventure,Crime",6.5,13,7,producer,producer,3,37,Charles Hoffman,1911,1972,"producer,script_department,writer"
tt63325985,Year of Grace,Year of Grace,1962,60,"Action,Adventure,Crime",7.3,11,8,producer,producer,3,18,Charles Hoffman,1911,1972,"producer,script_department,writer"
tt18486207,Adventure in San Dede,Adventure in San Dede,1962,60,"Action,Crime,Drama",7.0,25,7,producer,producer,5,10,Howie Horwitz,1918,1976,"producer,miscellaneous,writer"
tt33895350,A Scent of Whales,A Scent of Whales,1962,60,"Action,Adventure,Crime",7.4,11,6,writer,teleplay,3,24,Charles Smith,1920,1988,"actor,soundtrack"
tt96894626,Aloha Cricket,Aloha Cricket,1962,60,"Action,Adventure,Crime",6.4,10,6,writer,teleplay,3,30,Charles Smith,1920,1988,"actor,soundtrack"
tt95124723,The Unmasked,The Unmasked,1962,30,Western,8.4,24,6,writer,writer,4,40,Charles Smith,1920,1988,"actor,soundtrack"
tt71819803,No Contest,No Contest,1962,30,Western,7.9,30,9,editor,film editor,4,21,Robert B. Warwick Jr.,1908,1990,"editor,sound_department,editorial_department"
tt11005441,Sunday,Sunday,1962,30,Western,8.2,21,8,editor,film editor,4,31,Robert B. Warwick Jr.,1908,1990,"editor,sound_department,editorial_department"
tt64939533,The Long Gun,The Long Gun,1962,30,Western,8.3,34,8,editor,film editor,4,25,Robert B. Warwick Jr.,1908,1990,"editor,sound_department,editorial_department"
tt25428975,The Disappearance,The Disappearance,1962,60,"Action,Crime,Drama",7.9,35,7,writer,story,4,32,Frederick Brady,1912,1961,"writer,actor,soundtrack"
tt84006810,The Money Game,The Money Game,1962,60,Drama,8.0,11,6,writer,teleplay,2,29,Frederick Brady,1912,1961,"writer,actor,soundtrack"
tt79529254,Adventure in San Dede,Adventure in San Dede,1962,60,"Action,Crime,Drama",7.0,25,6,writer,written by,5,10,Montgomery Pittman,1917,1962,"writer,director,actor"
tt87927728,Mr Baileys Honeymoon,Mr Baileys Honeymoon,1962,60,"Action,Crime,Drama",7.8,37,7,writer,written by,4,17,Montgomery Pittman,1917,1962,"writer,director,actor"
tt45805155,The Case of the Counterfeit Crank,The Case of the Counterfeit Crank,1962,60,"Crime,Drama,Mystery",8.2,237,6,writer,written by,5,27,Robert Leslie Bellem,1902,1968,"writer,miscellaneous"
tt36811630,The Case of the StandIn Sister,The Case of the StandIn Sister,1962,60,"Crime,Drama,Mystery",8.0,233,7,writer,written by,6,8,Robert Leslie Bellem,1902,1968,"writer,miscellaneous"
tt34979966,Beginners Luck,Beginners Luck,1962,60,Western,8.2,20,9,cinematographer,director of photography,4,6,J. Peverell Marley,1901,1964,"cinematographer,camera_department"
tt59226405,Rendezvous with a Miracle,Rendezvous with a Miracle,1962,60,Western,7.7,23,10,cinematographer,director of photography,4,10,J. Peverell Marley,1901,1964,"cinematographer,camera_department"
tt57499366,Trail of Hatred,Trail of Hatred,1962,60,Western,8.1,21,9,cinematographer,director of photography,4,9,J. Peverell Marley,1901,1964,"cinematographer,camera_department"
tt35796033,The Man Behind the News,The Man Behind the News,1962,30,Western,6.7,23,10,editor,film editor,4,35,Robert Crawford,1921,2016,"editor,editorial_department,actor"
tt44580767,An American Strategy,An American Strategy,1962,26,"Comedy,Family",7.7,19,6,writer,teleplay,3,25,Dean Riesner,1918,2002,"writer,actor,miscellaneous"
tt89763643,Happiness Cant Buy Money,Happiness Cant Buy Money,1962,26,"Comedy,Family",7.8,23,6,writer,teleplay,3,15,Dean Riesner,1918,2002,"writer,actor,miscellaneous"
tt82474687,Like Low Noon,Like Low Noon,1962,26,"Comedy,Family",8.3,22,6,writer,written by,3,35,Dean Riesner,1918,2002,"writer,actor,miscellaneous"
tt48819261,Dr Jekyll and Mr Gillis,Dr Jekyll and Mr Gillis,1962,26,"Comedy,Family",7.1,17,6,writer,written by,4,12,Dean Riesner,1918,2002,"writer,actor,miscellaneous"
tt94165935,Northern Comfort,Northern Comfort,1962,26,"Comedy,Family",7.3,17,6,writer,written by,4,3,Dean Riesner,1918,2002,"writer,actor,miscellaneous"
tt76661604,Crickets Millionaire,Crickets Millionaire,1962,60,"Action,Adventure,Crime",6.6,11,8,cinematographer,director of photography,3,20,Ray Fernstrom,1901,1978,"cinematographer,camera_department,director"
tt34248563,Dress Rehearsal,Dress Rehearsal,1962,60,"Action,Crime,Drama",7.4,31,7,writer,written by,4,36,Leonard Lee,1903,1964,writer
tt94043260,Baker Street Caper,Baker Street Caper,1962,60,"Action,Crime,Drama",7.5,28,7,writer,written by,4,26,Leonard Lee,1903,1964,writer
tt85090403,Indian Gold,Indian Gold,1962,60,Western,8.2,62,6,writer,writer,7,6,James O'Hanlon,1910,1969,"writer,soundtrack"
tt66860361,Marshal Maverick,Marshal Maverick,1962,60,"Comedy,Western",8.1,53,7,writer,teleplay,5,10,James O'Hanlon,1910,1969,"writer,soundtrack"
tt76727877,Flight from Escondido,Flight from Escondido,1962,60,"Action,Crime,Drama",7.9,30,7,producer,producer,4,35,Fenton Earnshaw,1912,1970,"writer,producer,miscellaneous"
tt62061587,Framework for a Badge,Framework for a Badge,1962,60,"Action,Crime,Drama",8.2,29,7,producer,producer,4,37,Fenton Earnshaw,1912,1970,"writer,producer,miscellaneous"
tt73372995,Ghost of a Memory,Ghost of a Memory,1962,60,"Action,Crime,Drama",7.3,30,7,producer,producer,4,31,Fenton Earnshaw,1912,1970,"writer,producer,miscellaneous"
tt87329289,Jennifer,Jennifer,1962,60,"Action,Crime,Drama",7.5,33,7,producer,producer,4,25,Fenton Earnshaw,1912,1970,"writer,producer,miscellaneous"
tt49719009,Leap My Lovely,Leap My Lovely,1962,60,"Action,Crime,Drama",7.5,32,7,producer,producer,5,2,Fenton Earnshaw,1912,1970,"writer,producer,miscellaneous"
tt64171284,Mr Baileys Honeymoon,Mr Baileys Honeymoon,1962,60,"Action,Crime,Drama",7.8,37,8,producer,producer,4,17,Fenton Earnshaw,1912,1970,"writer,producer,miscellaneous"
tt53709539,Nightmare,Nightmare,1962,60,"Action,Crime,Drama",7.7,32,7,producer,producer,4,40,Fenton Earnshaw,1912,1970,"writer,producer,miscellaneous"
tt13974382,Penthouse on Skid Row,Penthouse on Skid Row,1962,60,"Action,Crime,Drama",7.8,35,7,producer,producer,4,18,Fenton Earnshaw,1912,1970,"writer,producer,miscellaneous"
tt42877560,Shadow on Your Shoulder,Shadow on Your Shoulder,1962,60,"Action,Crime,Drama",7.8,31,7,producer,producer,5,9,Fenton Earnshaw,1912,1970,"writer,producer,miscellaneous"
tt48769364,Terror in a Small Town,Terror in a Small Town,1962,60,"Action,Crime,Drama",7.8,42,7,producer,producer,5,3,Fenton Earnshaw,1912,1970,"writer,producer,miscellaneous"
tt59052293,Baker Street Caper,Baker Street Caper,1962,60,"Action,Crime,Drama",7.5,28,8,producer,producer,4,26,Fenton Earnshaw,1912,1970,"writer,producer,miscellaneous"
tt38044696,The Bel Air Hermit,The Bel Air Hermit,1962,60,"Action,Crime,Drama",7.3,31,7,producer,producer,4,22,Fenton Earnshaw,1912,1970,"writer,producer,miscellaneous"
tt57960051,Brass Ring Caper,Brass Ring Caper,1962,60,"Action,Crime,Drama",7.9,38,7,producer,producer,4,21,Fenton Earnshaw,1912,1970,"writer,producer,miscellaneous"
tt92236584,The Bridal Trail Caper,The Bridal Trail Caper,1962,60,"Action,Crime,Drama",8.1,34,8,producer,producer,4,20,Fenton Earnshaw,1912,1970,"writer,producer,miscellaneous"
tt16451963,The Catspaw Caper,The Catspaw Caper,1962,60,"Action,Crime,Drama",7.9,25,8,producer,producer,5,6,Fenton Earnshaw,1912,1970,"writer,producer,miscellaneous"
tt99589923,The Dark Wood,The Dark Wood,1962,60,"Action,Crime,Drama",7.4,30,8,producer,producer,5,8,Fenton Earnshaw,1912,1970,"writer,producer,miscellaneous"
tt46871664,The Diplomatic Caper,The Diplomatic Caper,1962,60,"Action,Crime,Drama",7.6,29,7,producer,producer,4,19,Fenton Earnshaw,1912,1970,"writer,producer,miscellaneous"
tt92807318,The Disappearance,The Disappearance,1962,60,"Action,Crime,Drama",7.9,35,8,producer,producer,4,32,Fenton Earnshaw,1912,1970,"writer,producer,miscellaneous"
tt57922956,The Floating Man,The Floating Man,1962,60,"Action,Crime,Drama",8.1,30,7,producer,producer,5,5,Fenton Earnshaw,1912,1970,"writer,producer,miscellaneous"
tt54321286,The Gangs All Here,The Gangs All Here,1962,60,"Action,Crime,Drama",7.1,33,6,producer,producer,4,41,Fenton Earnshaw,1912,1970,"writer,producer,miscellaneous"
tt20746399,The Gemmologist Caper,The Gemmologist Caper,1962,60,"Action,Crime,Drama",7.9,26,8,producer,producer,4,34,Fenton Earnshaw,1912,1970,"writer,producer,miscellaneous"
tt30248657,The Long Shot Caper,The Long Shot Caper,1962,60,"Action,Crime,Drama",8.0,37,7,producer,producer,4,27,Fenton Earnshaw,1912,1970,"writer,producer,miscellaneous"
tt89178109,The Odds on Odette,The Odds on Odette,1962,60,"Action,Crime,Drama",7.9,34,7,producer,producer,5,11,Fenton Earnshaw,1912,1970,"writer,producer,miscellaneous"
tt19877734,The Parallel Caper,The Parallel Caper,1962,60,"Action,Crime,Drama",7.6,34,7,producer,producer,4,23,Fenton Earnshaw,1912,1970,"writer,producer,miscellaneous"
tt94571732,The Pet Shop Caper,The Pet Shop Caper,1962,60,"Action,Crime,Drama",7.7,29,6,producer,producer,4,29,Fenton Earnshaw,1912,1970,"writer,producer,miscellaneous"
tt31043527,The Raiders,The Raiders,1962,60,"Action,Crime,Drama",8.1,32,8,producer,producer,5,4,Fenton Earnshaw,1912,1970,"writer,producer,miscellaneous"
tt70345706,The Reluctant Spy,The Reluctant Spy,1962,60,"Action,Crime,Drama",7.1,30,7,producer,producer,5,1,Fenton Earnshaw,1912,1970,"writer,producer,miscellaneous"
tt37529569,The Snow Job Caper,The Snow Job Caper,1962,60,"Action,Crime,Drama",7.7,31,7,producer,producer,5,12,Fenton Earnshaw,1912,1970,"writer,producer,miscellaneous"
tt65933660,The Steerer,The Steerer,1962,60,"Action,Crime,Drama",7.7,30,7,producer,producer,4,30,Fenton Earnshaw,1912,1970,"writer,producer,miscellaneous"
tt57869838,Upbeat,Upbeat,1962,60,"Action,Crime,Drama",7.8,31,7,producer,producer,4,39,Fenton Earnshaw,1912,1970,"writer,producer,miscellaneous"
tt14714363,Wolf Cried the Blonde,Wolf Cried the Blonde,1962,60,"Action,Crime,Drama",7.6,29,7,producer,producer,5,7,Fenton Earnshaw,1912,1970,"writer,producer,miscellaneous"
tt65961733,Down the Gardenia Path,Down the Gardenia Path,1962,60,"Crime,Drama,Mystery",6.3,10,7,writer,teleplay,2,33,Robert J. Shaw,1917,1996,"writer,miscellaneous"
tt82633809,The YachtClub Gang,The YachtClub Gang,1962,60,"Crime,Drama,Mystery",6.5,9,7,writer,writer,2,16,Robert J. Shaw,1917,1996,"writer,miscellaneous"
tt54816791,The Barber,The Barber,1962,30,Western,7.9,29,9,editor,film editor,4,24,Robert Jahns,1899,1974,editor
tt18085329,The Youngest,The Youngest,1962,30,Western,8.5,30,10,editor,film editor,4,32,Robert Jahns,1899,1974,editor
tt96241275,The Pet Shop Caper,The Pet Shop Caper,1962,60,"Action,Crime,Drama",7.7,29,7,cinematographer,director of photography,4,29,Ralph Woolsey,1914,2018,"cinematographer,camera_department,producer"
tt26877549,The Last Letter,The Last Letter,1962,60,Western,9.3,23,8,cinematographer,director of photography,4,12,Ralph Woolsey,1914,2018,"cinematographer,camera_department,producer"
tt47005822,My Love But Lightly,My Love But Lightly,1962,60,"Action,Adventure,Crime",7.0,10,8,cinematographer,director of photography,3,19,Ralph Woolsey,1914,2018,"cinematographer,camera_department,producer"
tt33067569,No Contest,No Contest,1962,30,Western,7.9,30,8,cinematographer,director of photography,4,21,Ralph Woolsey,1914,2018,"cinematographer,camera_department,producer"
tt55460419,A Private Eye for Beauty,A Private Eye for Beauty,1962,60,Drama,7.6,8,10,cinematographer,director of photography,2,35,Ralph Woolsey,1914,2018,"cinematographer,camera_department,producer"
tt29619716,Heritage of Hate,Heritage of Hate,1962,30,Western,8.2,29,9,editor,film editor,4,27,Fred Bohanan,1907,1980,"editor,editorial_department"
tt83548192,The Deserters Patrol,The Deserters Patrol,1962,51,Western,8.0,72,6,writer,written by,4,18,Louis Vittes,1911,1969,writer
tt41262827,The Devil and the Deep Blue,The Devil and the Deep Blue,1962,51,Western,8.2,67,6,writer,teleplay,4,29,Louis Vittes,1911,1969,writer
tt53196977,House of the Hunter,House of the Hunter,1962,51,Western,7.7,83,6,writer,written by,4,27,Louis Vittes,1911,1969,writer
tt96535876,Jennifer,Jennifer,1962,60,"Action,Crime,Drama",7.5,33,6,writer,written by,4,25,Robert C. Dennis,1915,1983,writer
tt65486626,Nightmare,Nightmare,1962,60,"Action,Crime,Drama",7.7,32,6,writer,written by,4,40,Robert C. Dennis,1915,1983,writer
tt80848924,Brass Ring Caper,Brass Ring Caper,1962,60,"Action,Crime,Drama",7.9,38,6,writer,written by,4,21,Robert C. Dennis,1915,1983,writer
tt33081918,The Floating Man,The Floating Man,1962,60,"Action,Crime,Drama",8.1,30,6,writer,written by,5,5,Robert C. Dennis,1915,1983,writer
tt96568892,The Odds on Odette,The Odds on Odette,1962,60,"Action,Crime,Drama",7.9,34,6,writer,written by,5,11,Robert C. Dennis,1915,1983,writer
tt78689563,The Reluctant Spy,The Reluctant Spy,1962,60,"Action,Crime,Drama",7.1,30,6,writer,written by,5,1,Robert C. Dennis,1915,1983,writer
tt32724441,The Steerer,The Steerer,1962,60,"Action,Crime,Drama",7.7,30,6,writer,written by,4,30,Robert C. Dennis,1915,1983,writer
tt19863840,The Case of the Absent Artist,The Case of the Absent Artist,1962,60,"Crime,Drama,Mystery",8.3,257,7,writer,written by,5,23,Robert C. Dennis,1915,1983,writer
tt85714899,The Case of the Lonely Eloper,The Case of the Lonely Eloper,1962,60,"Crime,Drama,Mystery",7.9,251,6,writer,written by,5,30,Robert C. Dennis,1915,1983,writer
tt80542554,The Case of the Polka Dot Pony,The Case of the Polka Dot Pony,1962,60,"Crime,Drama,Mystery",8.0,209,7,writer,written by,6,12,Robert C. Dennis,1915,1983,writer
tt66395483,The Case of the Unsuitable Uncle,The Case of the Unsuitable Uncle,1962,60,"Crime,Drama,Mystery",8.0,229,6,writer,written by,6,7,Robert C. Dennis,1915,1983,writer
tt59484934,Upbeat,Upbeat,1962,60,"Action,Crime,Drama",7.8,31,6,writer,written by,4,39,Maurita Pittman,1917,2006,writer
tt33167495,Dress Rehearsal,Dress Rehearsal,1962,60,"Action,Crime,Drama",7.4,31,6,writer,written by,4,36,Brevarde Lee,1912,1964,writer
tt73032865,Baker Street Caper,Baker Street Caper,1962,60,"Action,Crime,Drama",7.5,28,6,writer,written by,4,26,Brevarde Lee,1912,1964,writer
tt19616879,Dress Rehearsal,Dress Rehearsal,1962,60,"Action,Crime,Drama",7.4,31,8,producer,producer,4,36,Tom McKnight,1901,1963,"producer,miscellaneous"
tt89040045,The Down Under Caper,The Down Under Caper,1962,60,"Action,Crime,Drama",7.2,35,6,producer,producer,4,16,Tom McKnight,1901,1963,"producer,miscellaneous"
tt19937932,My Love But Lightly,My Love But Lightly,1962,60,"Action,Adventure,Crime",7.0,10,7,producer,producer,3,19,Tom McKnight,1901,1963,"producer,miscellaneous"
tt12655272,Flight from Escondido,Flight from Escondido,1962,60,"Action,Crime,Drama",7.9,30,6,writer,written by,4,35,Paul Savage,1925,2014,"writer,actor,miscellaneous"
tt18155634,Terror in a Small Town,Terror in a Small Town,1962,60,"Action,Crime,Drama",7.8,42,6,writer,written by,5,3,Paul Savage,1925,2014,"writer,actor,miscellaneous"
tt56120439,The Confederate Express,The Confederate Express,1962,60,Western,7.8,59,7,writer,teleplay,3,18,Paul Savage,1925,2014,"writer,actor,miscellaneous"
tt40393499,The High Country,The High Country,1962,49,Western,7.4,57,8,writer,teleplay,3,19,Paul Savage,1925,2014,"writer,actor,miscellaneous"
tt92640295,The Turn of the Wheel,The Turn of the Wheel,1962,60,Western,7.6,54,8,writer,teleplay,3,26,Paul Savage,1925,2014,"writer,actor,miscellaneous"
tt72548729,Time of the Traitor,Time of the Traitor,1962,60,Western,8.1,57,7,writer,teleplay,4,11,Paul Savage,1925,2014,"writer,actor,miscellaneous"
tt86833511,Bachelor at Large,Bachelor at Large,1962,30,"Comedy,Family",7.8,107,10,cinematographer,director of photography,6,8,Jack MacKenzie,1892,1979,"cinematographer,camera_department,actor"
tt88612959,Beavers Autobiography,Beavers Autobiography,1962,30,"Comedy,Family",8.5,105,10,cinematographer,director of photography,6,13,Jack MacKenzie,1892,1979,"cinematographer,camera_department,actor"
tt20394389,Eddie the Businessman,Eddie the Businessman,1962,30,"Comedy,Family",7.9,102,10,cinematographer,director of photography,6,6,Jack MacKenzie,1892,1979,"cinematographer,camera_department,actor"
tt16154552,Long Distance Call,Long Distance Call,1962,30,"Comedy,Family",7.9,109,10,cinematographer,director of photography,5,37,Jack MacKenzie,1892,1979,"cinematographer,camera_department,actor"
tt24112765,UnTogetherness,UnTogetherness,1962,30,"Comedy,Family",7.9,99,10,cinematographer,director of photography,5,39,Jack MacKenzie,1892,1979,"cinematographer,camera_department,actor"
tt31966030,Wallys License,Wallys License,1962,30,"Comedy,Family",8.1,107,10,cinematographer,director of photography,6,3,Jack MacKenzie,1892,1979,"cinematographer,camera_department,actor"
tt51140130,Stocks and Bonds,Stocks and Bonds,1962,30,"Comedy,Family",8.0,99,9,cinematographer,director of photography,5,38,Jack MacKenzie,1892,1979,"cinematographer,camera_department,actor"
tt98142667,Framework for a Badge,Framework for a Badge,1962,60,"Action,Crime,Drama",8.2,29,6,writer,written by,4,37,Ken Pettus,1915,1992,"writer,miscellaneous,producer"
tt58421682,The Good Fight,The Good Fight,1962,60,Western,6.8,12,7,writer,writer,1,22,Ken Pettus,1915,1992,"writer,miscellaneous,producer"
tt50550854,And Cain Cried Out,And Cain Cried Out,1962,60,"Action,Drama,War",8.2,10,6,writer,writer,1,3,Ken Pettus,1915,1992,"writer,miscellaneous,producer"
tt62747129,Ghost of a Memory,Ghost of a Memory,1962,60,"Action,Crime,Drama",7.3,30,6,writer,written by,4,31,Paul Schneider,1923,2008,"writer,producer"
tt34808865,All the Clocks Are Ticking,All the Clocks Are Ticking,1962,60,Drama,8.8,6,9,writer,story,1,25,Paul Schneider,1923,2008,"writer,producer"
tt98043388,The After Hours Heart,The After Hours Heart,1962,60,"Action,Adventure,Crime",7.7,12,8,cinematographer,director of photography,4,6,Louis Jennings,1902,1982,"cinematographer,camera_department"
tt45017553,The Bride,The Bride,1962,30,Western,7.7,27,9,cinematographer,director of photography,4,29,Louis Jennings,1902,1982,"cinematographer,camera_department"
tt82777920,The Long Gun,The Long Gun,1962,30,Western,8.3,34,7,cinematographer,director of photography,4,25,Louis Jennings,1902,1982,"cinematographer,camera_department"
tt65389249,The Wanted Man,The Wanted Man,1962,30,Western,8.6,23,7,cinematographer,director of photography,4,30,Louis Jennings,1902,1982,"cinematographer,camera_department"
tt36536293,The Youngest,The Youngest,1962,30,Western,8.5,30,9,cinematographer,director of photography,4,32,Louis Jennings,1902,1982,"cinematographer,camera_department"
tt47279931,Feel of the Trigger,Feel of the Trigger,1962,60,"Crime,Drama",7.2,8,6,writer,teleplay,1,22,John Hawkins,1910,1978,"producer,writer,miscellaneous"
tt32440405,The Devils Children,The Devils Children,1962,75,Western,8.1,110,6,writer,writer,1,11,John Hawkins,1910,1978,"producer,writer,miscellaneous"
tt27100402,Journey Down a Dusty Road,Journey Down a Dusty Road,1962,60,"Sport,Western",7.3,9,6,writer,written by,1,3,John Hawkins,1910,1978,"producer,writer,miscellaneous"
tt56812492,The Ride,The Ride,1962,60,Western,7.9,118,6,writer,written by,3,18,Ward Hawkins,1912,1990,"writer,miscellaneous,script_department"
tt52641830,The Tall Stranger,The Tall Stranger,1962,60,Western,6.9,107,6,writer,written by,3,16,Ward Hawkins,1912,1990,"writer,miscellaneous,script_department"
tt87637877,Incident of the Lost Woman,Incident of the Lost Woman,1962,60,Western,7.7,69,6,writer,writer,5,7,Ward Hawkins,1912,1990,"writer,miscellaneous,script_department"
tt16080301,The Devils Children,The Devils Children,1962,75,Western,8.1,110,7,writer,writer,1,11,Ward Hawkins,1912,1990,"writer,miscellaneous,script_department"
tt86081831,The Hat That Wore the West,The Hat That Wore the West,1962,30,Western,8.9,24,6,writer,teleplay,11,5,Irwin Winehouse,1922,1966,writer
tt37804654,The Hat That Wore the West,The Hat That Wore the West,1962,30,Western,8.9,24,7,writer,teleplay,11,5,A. Sanford Wolfe,1924,2012,writer
tt72480171,A Sure Thing,A Sure Thing,1962,60,Western,8.6,23,8,producer,producer,4,8,William L. Stuart,1912,1988,"writer,producer"
tt15764270,A Town That Lived and Died,A Town That Lived and Died,1962,60,Western,9.1,25,7,producer,producer,4,16,William L. Stuart,1912,1988,"writer,producer"
tt91936341,Rendezvous with a Miracle,Rendezvous with a Miracle,1962,60,Western,7.7,23,9,producer,producer,4,10,William L. Stuart,1912,1988,"writer,producer"
tt85332647,The Immovable Object,The Immovable Object,1962,60,Western,9.3,23,7,producer,producer,4,17,William L. Stuart,1912,1988,"writer,producer"
tt47489096,The Last Letter,The Last Letter,1962,60,Western,9.3,23,7,producer,producer,4,12,William L. Stuart,1912,1988,"writer,producer"
tt54383257,Then the Mountains,Then the Mountains,1962,60,Western,8.3,26,6,producer,producer,4,18,William L. Stuart,1912,1988,"writer,producer"
tt45792641,Until Kingdom Come,Until Kingdom Come,1962,60,Western,8.2,23,7,producer,producer,4,14,William L. Stuart,1912,1988,"writer,producer"
tt35292109,Marshal Maverick,Marshal Maverick,1962,60,"Comedy,Western",8.1,53,8,producer,producer,5,10,William L. Stuart,1912,1988,"writer,producer"
tt86175679,One of Our Trains Is Missing,One of Our Trains Is Missing,1962,60,"Comedy,Western",7.4,52,7,producer,producer,5,13,William L. Stuart,1912,1988,"writer,producer"
tt92506067,The Maverick Report,The Maverick Report,1962,60,"Comedy,Western",8.1,44,7,producer,producer,5,9,William L. Stuart,1912,1988,"writer,producer"
tt27550266,The Money Machine,The Money Machine,1962,60,"Comedy,Western",7.2,47,7,producer,producer,5,12,William L. Stuart,1912,1988,"writer,producer"
tt17473119,Incident of the Wolvers,Incident of the Wolvers,1962,60,Western,7.6,73,6,writer,writer,5,9,William L. Stuart,1912,1988,"writer,producer"
tt69959002,Retreat to Concorde,Retreat to Concorde,1962,60,"Action,Drama,War",8.4,13,7,writer,teleplay,1,2,William Bruckner,1915,1987,"writer,director"
tt30444173,A Scent of Whales,A Scent of Whales,1962,60,"Action,Adventure,Crime",7.4,11,7,writer,teleplay,3,24,William Bruckner,1915,1987,"writer,director"
tt26181962,Mr Muldoons Partner,Mr Muldoons Partner,1962,60,"Comedy,Western",6.8,53,6,writer,teleplay,5,7,William Bruckner,1915,1987,"writer,director"
tt85226906,Retreat to Concorde,Retreat to Concorde,1962,60,"Action,Drama,War",8.4,13,6,writer,story,1,2,Leonard Brown,1922,1997,writer
tt26053217,A Private Eye for Beauty,A Private Eye for Beauty,1962,60,Drama,7.6,8,6,writer,story,2,35,Leonard Brown,1922,1997,writer
tt52083973,The Accomplice,The Accomplice,1962,75,Western,8.7,423,6,writer,writer,1,13,Howard Browne,1908,1999,"writer,miscellaneous,producer"
tt91774851,Clootey Hutter,Clootey Hutter,1962,30,Western,8.6,28,9,editor,film editor,4,26,Noel L. Scott,1907,1979,"editor,editorial_department"
tt89108285,The Wanted Man,The Wanted Man,1962,30,Western,8.6,23,8,editor,film editor,4,30,Noel L. Scott,1907,1979,"editor,editorial_department"
tt78258192,Penthouse on Skid Row,Penthouse on Skid Row,1962,60,"Action,Crime,Drama",7.8,35,6,writer,written by,4,18,Warren Douglas,1911,1997,"actor,writer,producer"
tt11413858,Johnny Brassbuttons,Johnny Brassbuttons,1962,60,Western,8.2,63,6,writer,writer,7,11,Warren Douglas,1911,1997,"actor,writer,producer"
tt46703813,Man Alone,Man Alone,1962,60,Western,8.1,61,6,writer,writer,7,4,Warren Douglas,1911,1997,"actor,writer,producer"
tt44574488,Pocketful of Stars,Pocketful of Stars,1962,60,Western,8.4,60,6,writer,writer,7,8,Warren Douglas,1911,1997,"actor,writer,producer"
tt16080192,The Durango Brothers,The Durango Brothers,1962,60,Western,8.3,94,6,writer,writer,7,1,Warren Douglas,1911,1997,"actor,writer,producer"
tt72241237,The Vanishing Breed,The Vanishing Breed,1962,60,Western,8.1,65,6,writer,teleplay,7,9,Warren Douglas,1911,1997,"actor,writer,producer"
tt59972089,Vengeance Is Mine,Vengeance Is Mine,1962,60,Western,8.4,67,6,writer,teleplay,7,10,Warren Douglas,1911,1997,"actor,writer,producer"
tt55801142,The Lovely American,The Lovely American,1962,60,"Action,Crime,Drama",6.7,27,6,writer,teleplay,4,33,Richard De Roy,1930,2008,"writer,script_department,producer"
tt97188689,Remembrance of Crimes Past,Remembrance of Crimes Past,1962,60,"Crime,Drama,Mystery",6.9,10,7,writer,teleplay,2,20,Richard De Roy,1930,2008,"writer,script_department,producer"
tt76677235,The Someday Man,The Someday Man,1962,60,"Crime,Drama,Mystery",6.2,6,7,writer,teleplay,2,29,Richard De Roy,1930,2008,"writer,script_department,producer"
tt36528463,Idol in the Dust,Idol in the Dust,1962,60,"Crime,Drama",8.0,12,7,writer,writer,1,26,Donn Mullally,1914,1994,"writer,miscellaneous"
tt18760589,Man in a Jam,Man in a Jam,1962,60,"Crime,Drama",7.6,9,6,writer,writer,1,16,Donn Mullally,1914,1994,"writer,miscellaneous"
tt13948983,The Dumbest Blonde,The Dumbest Blonde,1962,60,Adventure,9.4,6,6,writer,written by,1,21,Donn Mullally,1914,1994,"writer,miscellaneous"
tt16512947,The Daring Durandos,The Daring Durandos,1962,60,Western,6.6,6,8,writer,writer,1,25,Donn Mullally,1914,1994,"writer,miscellaneous"
tt48463378,The High Country,The High Country,1962,49,Western,7.4,57,7,writer,teleplay,3,19,Donn Mullally,1914,1994,"writer,miscellaneous"
tt50221631,Impasse,Impasse,1962,75,Western,7.9,103,7,writer,writer,1,8,Donn Mullally,1914,1994,"writer,miscellaneous"
tt93826111,Beginners Luck,Beginners Luck,1962,60,Western,8.2,20,6,writer,story,4,6,Steve Frazee,1909,1992,writer
tt47937932,One Evening in Abilene,One Evening in Abilene,1962,60,Western,7.8,28,6,writer,book story,4,13,Steve Frazee,1909,1992,writer
tt45135071,Wolf Cried the Blonde,Wolf Cried the Blonde,1962,60,"Action,Crime,Drama",7.6,29,6,writer,written by,5,7,Sonya Roberts,1930,2022,"writer,miscellaneous"
tt20167432,Explosion,Explosion,1962,30,Western,6.9,27,9,editor,film editor,4,38,Lloyd Nosler,1900,1985,"editor,director,writer"
tt36620493,The Actor,The Actor,1962,30,Western,7.9,35,9,editor,film editor,4,37,Lloyd Nosler,1900,1985,"editor,director,writer"
tt24091378,The Doctor,The Doctor,1962,30,Western,8.5,25,10,editor,film editor,4,34,Lloyd Nosler,1900,1985,"editor,director,writer"
tt19265304,The Dowry,The Dowry,1962,60,Western,6.6,92,6,writer,written by,3,31,Robert Vincent Wright,1919,2007,writer
tt69177072,The Jury,The Jury,1962,60,Western,7.4,105,6,writer,written by,4,14,Robert Vincent Wright,1919,2007,writer
tt33069262,Clootey Hutter,Clootey Hutter,1962,30,Western,8.6,28,6,writer,writer,4,26,Robert Vincent Wright,1919,2007,writer
tt54705131,One of Our Trains Is Missing,One of Our Trains Is Missing,1962,60,"Comedy,Western",7.4,52,6,writer,writer,5,13,Robert Vincent Wright,1919,2007,writer
tt18118906,The Money Machine,The Money Machine,1962,60,"Comedy,Western",7.2,47,6,writer,writer,5,12,Robert Vincent Wright,1919,2007,writer
tt20775083,A Private Eye for Beauty,A Private Eye for Beauty,1962,60,Drama,7.6,8,8,writer,story,2,35,Robert Vincent Wright,1919,2007,writer
tt16892422,The Diplomatic Caper,The Diplomatic Caper,1962,60,"Action,Crime,Drama",7.6,29,6,writer,written by,4,19,C.L. Moore,1911,1987,writer
tt65656991,One Evening in Abilene,One Evening in Abilene,1962,60,Western,7.8,28,7,writer,teleplay,4,13,Berne Giler,1908,1967,writer
tt75477412,Vengeance Is Mine,Vengeance Is Mine,1962,60,Western,8.4,67,7,writer,story,7,10,Berne Giler,1908,1967,writer
tt70427909,Signals for an End Run,Signals for an End Run,1962,60,"Action,Drama,War",8.2,7,8,writer,teleplay,1,10,Berne Giler,1908,1967,writer
tt88373192,No Contest,No Contest,1962,30,Western,7.9,30,6,writer,writer,4,21,Berne Giler,1908,1967,writer
tt87854721,The Bride,The Bride,1962,30,Western,7.7,27,6,writer,story,4,29,Berne Giler,1908,1967,writer
tt41292713,The Dark Wood,The Dark Wood,1962,60,"Action,Crime,Drama",7.4,30,7,writer,teleplay,5,8,A.I. Bezzerides,1908,2007,"writer,actor"
tt28633575,Violence for Your Furs,Violence for Your Furs,1962,60,"Action,Crime,Drama",7.9,33,6,writer,teleplay,4,28,A.I. Bezzerides,1908,2007,"writer,actor"
tt24383614,The Jagged Edge,The Jagged Edge,1962,60,"Action,Crime,Drama",7.2,6,6,writer,written by,3,17,A.I. Bezzerides,1908,2007,"writer,actor"
tt67385013,Give the Old Cat a Tender Mouse,Give the Old Cat a Tender Mouse,1962,50,Adventure,6.7,74,9,cinematographer,director of photography,3,14,Irving Lippman,1906,2006,"cinematographer,camera_department"
tt43989098,Lizards Leg and Owlets Wing,Lizards Leg and Owlets Wing,1962,50,Adventure,7.9,151,10,cinematographer,director of photography,3,6,Irving Lippman,1906,2006,"cinematographer,camera_department"
tt45109566,Only by Cunning Glimpses,Only by Cunning Glimpses,1962,50,Adventure,7.2,63,10,cinematographer,director of photography,3,12,Irving Lippman,1906,2006,"cinematographer,camera_department"
tt84835548,Welcome to the Wedding,Welcome to the Wedding,1962,50,Adventure,8.5,83,10,cinematographer,director of photography,3,8,Irving Lippman,1906,2006,"cinematographer,camera_department"
tt20135531,Shadows in the Dust,Shadows in the Dust,1962,60,Western,7.9,59,6,writer,writer,3,16,Lowell Barrington,1907,1966,writer
tt60623252,Naomi Champagne,Naomi Champagne,1962,60,Western,6.5,7,7,writer,writer,1,19,Steven Ritch,1921,1995,"actor,writer"
tt32392638,The Clan MacDuff,The Clan MacDuff,1962,50,Western,5.2,6,7,writer,story,1,23,Steven Ritch,1921,1995,"actor,writer"
tt94228652,The Inheritance,The Inheritance,1962,60,Western,5.8,10,7,writer,writer,1,18,Steven Ritch,1921,1995,"actor,writer"
tt44347035,The Daniel Clay Story,The Daniel Clay Story,1962,60,Western,8.0,58,6,writer,written by,5,21,Steven Ritch,1921,1995,"actor,writer"
tt30699599,The Dr Denker Story,The Dr Denker Story,1962,60,Western,7.6,69,7,writer,teleplay,5,18,Steven Ritch,1921,1995,"actor,writer"
tt24359614,The Frank Carter Story,The Frank Carter Story,1962,60,Western,7.7,41,6,writer,written by,5,34,Steven Ritch,1921,1995,"actor,writer"
tt13220108,The Lieutenant Burton Story,The Lieutenant Burton Story,1962,60,Western,8.3,51,7,writer,teleplay,5,22,Steven Ritch,1921,1995,"actor,writer"
tt24735497,The Lisa Raincloud Story,The Lisa Raincloud Story,1962,60,Western,6.9,62,6,writer,story,6,7,Steven Ritch,1921,1995,"actor,writer"
tt56278567,The Mary Beckett Story,The Mary Beckett Story,1962,60,Western,7.4,44,7,writer,teleplay,5,32,Steven Ritch,1921,1995,"actor,writer"
tt42399242,The Nancy Lee Davis Story,The Nancy Lee Davis Story,1962,60,Western,8.1,50,6,writer,written by,5,33,Steven Ritch,1921,1995,"actor,writer"
tt93296940,The Sam Darland Story,The Sam Darland Story,1962,60,Western,8.3,62,7,writer,teleplay,6,15,Steven Ritch,1921,1995,"actor,writer"
tt64221676,The Gemmologist Caper,The Gemmologist Caper,1962,60,"Action,Crime,Drama",7.9,26,7,writer,story,4,34,Fred Schiller,1904,2003,writer
tt64767868,The Raiders,The Raiders,1962,60,"Action,Crime,Drama",8.1,32,7,writer,story,5,4,Fred Schiller,1904,2003,writer
tt13937457,The Long Shot Caper,The Long Shot Caper,1962,60,"Action,Crime,Drama",8.0,37,6,writer,written by,4,27,Whitman Chambers,1896,1968,writer
tt27872440,Green Bay Riddle,Green Bay Riddle,1962,60,Drama,8.4,8,7,writer,story,2,31,Whitman Chambers,1896,1968,writer
tt69598241,The Quick and the Deadly,The Quick and the Deadly,1962,60,Western,8.5,62,7,writer,teleplay,7,5,László Görög,1903,1997,"writer,producer"
tt23705844,The Broken Thread,The Broken Thread,1962,60,"Action,Adventure,Crime",7.8,13,6,writer,writer,4,4,László Görög,1903,1997,"writer,producer"
tt50927757,The Parallel Caper,The Parallel Caper,1962,60,"Action,Crime,Drama",7.6,34,6,writer,written by,4,23,Richard Newhafer,1921,1974,writer
tt90288389,The Deadly Ones,The Deadly Ones,1962,60,Western,7.5,89,7,writer,story,4,10,N.B. Stone Jr.,1911,1967,"writer,music_department"
tt96834503,Incident at Pawnee Gun,Incident at Pawnee Gun,1962,60,Western,5.6,7,7,writer,teleplay,1,26,N.B. Stone Jr.,1911,1967,"writer,music_department"
tt55287114,The Snow Job Caper,The Snow Job Caper,1962,60,"Action,Crime,Drama",7.7,31,6,writer,written by,5,12,John O'Dea,1908,1972,"writer,miscellaneous"
tt58308506,The Bride,The Bride,1962,30,Western,7.7,27,10,editor,film editor,4,29,Harry Reynolds,1901,1971,"editor,editorial_department"
tt57813968,The Holdout,The Holdout,1962,30,Western,7.9,27,10,editor,film editor,4,23,Harry Reynolds,1901,1971,"editor,editorial_department"
tt61478613,The Vintage,The Vintage,1962,30,Western,7.8,30,9,editor,film editor,4,19,Harry Reynolds,1901,1971,"editor,editorial_department"
tt52711437,The Witness,The Witness,1962,30,Western,9.0,33,9,editor,film editor,4,41,Harry Reynolds,1901,1971,"editor,editorial_department"
tt57153614,1800 Days to Justice,1800 Days to Justice,1962,50,Adventure,7.1,64,6,writer,written by,2,16,Jo Pagano,1906,1982,"writer,miscellaneous,actor"
tt39199377,Flow Gently Sweet Money,Flow Gently Sweet Money,1962,26,"Comedy,Family",7.5,24,8,writer,story supervisor,4,9,Joel Kane,1921,1993,"writer,producer,miscellaneous"
tt61303448,How to Cheat an Honest Man,How to Cheat an Honest Man,1962,26,"Comedy,Family",7.6,24,7,writer,teleplay,3,33,Joel Kane,1921,1993,"writer,producer,miscellaneous"
tt51769500,I Do Not Choose to Run,I Do Not Choose to Run,1962,26,"Comedy,Family",8.0,26,7,writer,teleplay,3,14,Joel Kane,1921,1993,"writer,producer,miscellaneous"
tt59327068,The Sweet Success of Smell,The Sweet Success of Smell,1962,26,"Comedy,Family",7.9,28,6,writer,written by,3,28,Joel Kane,1921,1993,"writer,producer,miscellaneous"
tt69735388,A Funny Thing Happened to Me on the Way to a Funny Thing,A Funny Thing Happened to Me on the Way to a Funny Thing,1962,26,"Comedy,Family",7.5,22,8,writer,story supervisor,4,1,Joel Kane,1921,1993,"writer,producer,miscellaneous"
tt65253183,I Remember Muu Muu,I Remember Muu Muu,1962,26,"Comedy,Family",7.8,27,6,writer,written by,3,27,Joel Kane,1921,1993,"writer,producer,miscellaneous"
tt23531568,Like Oh Brother,Like Oh Brother,1962,26,"Comedy,Family",8.0,24,7,writer,teleplay,3,22,Joel Kane,1921,1993,"writer,producer,miscellaneous"
tt28421851,The Frats in the Fire,The Frats in the Fire,1962,26,"Comedy,Family",8.2,22,6,writer,written by,3,36,Joel Kane,1921,1993,"writer,producer,miscellaneous"
tt80510272,When Other Friendships Have Been Forgot,When Other Friendships Have Been Forgot,1962,26,"Comedy,Family",7.3,15,6,writer,written by,3,29,Joel Kane,1921,1993,"writer,producer,miscellaneous"
tt82008868,Bachelor Father and Son,Bachelor Father and Son,1962,26,"Comedy,Family",8.4,26,6,writer,written by,3,34,Joel Kane,1921,1993,"writer,producer,miscellaneous"
tt15142676,Back to Nature Boy,Back to Nature Boy,1962,25,"Comedy,Family",7.5,16,6,writer,written by,3,32,Joel Kane,1921,1993,"writer,producer,miscellaneous"
tt29601025,Girls Will Be Boys,Girls Will Be Boys,1962,26,"Comedy,Family",7.8,22,6,writer,written by,3,18,Joel Kane,1921,1993,"writer,producer,miscellaneous"
tt22149073,Dr Jekyll and Mr Gillis,Dr Jekyll and Mr Gillis,1962,26,"Comedy,Family",7.1,17,8,writer,story supervisor,4,12,Joel Kane,1921,1993,"writer,producer,miscellaneous"
tt80429171,Like Hi Explosives,Like Hi Explosives,1962,26,"Comedy,Family",7.1,19,7,writer,written by,4,7,Joel Kane,1921,1993,"writer,producer,miscellaneous"
tt33024458,Northern Comfort,Northern Comfort,1962,26,"Comedy,Family",7.3,17,8,writer,story supervisor,4,3,Joel Kane,1921,1993,"writer,producer,miscellaneous"
tt40456751,Strictly for the Birds,Strictly for the Birds,1962,26,"Comedy,Family",7.1,23,8,writer,story supervisor,4,10,Joel Kane,1921,1993,"writer,producer,miscellaneous"
tt90078502,The Iceman Goeth,The Iceman Goeth,1962,26,"Comedy,Family",7.0,24,7,writer,story supervisor,4,11,Joel Kane,1921,1993,"writer,producer,miscellaneous"
tt81135771,Will the Real Santa Claus Please Come Down the Chimney,Will the Real Santa Claus Please Come Down the Chimney,1962,26,"Comedy,Family",7.7,25,8,writer,story supervisor,4,13,Joel Kane,1921,1993,"writer,producer,miscellaneous"
tt88631865,A Splinter Off the Old Block,A Splinter Off the Old Block,1962,26,"Comedy,Family",7.8,29,7,writer,story supervisor,4,5,Joel Kane,1921,1993,"writer,producer,miscellaneous"
tt33994616,The Ugliest American,The Ugliest American,1962,26,"Comedy,Family",5.9,27,6,writer,written by,4,4,Joel Kane,1921,1993,"writer,producer,miscellaneous"
tt80781024,What Makes the Varsity Drag,What Makes the Varsity Drag,1962,26,"Comedy,Family",7.6,28,8,writer,story supervisor,4,6,Joel Kane,1921,1993,"writer,producer,miscellaneous"
tt32957330,Whats a Little Murder Between Friends,Whats a Little Murder Between Friends,1962,26,"Comedy,Family",7.5,20,7,writer,story supervisor,4,2,Joel Kane,1921,1993,"writer,producer,miscellaneous"
tt10509804,Where Is Thy Sting,Where Is Thy Sting,1962,26,"Comedy,Family",7.6,24,6,writer,written by,4,8,Joel Kane,1921,1993,"writer,producer,miscellaneous"
tt91914086,Trail of Hatred,Trail of Hatred,1962,60,Western,8.1,21,6,writer,story,4,9,Gerald Drayson Adams,1900,1988,writer
tt79787334,Dark Decision,Dark Decision,1962,60,Western,8.2,65,6,writer,story,7,7,Gerald Drayson Adams,1900,1988,writer
tt26995516,Twice Dead,Twice Dead,1962,60,"Action,Crime,Drama",7.5,31,6,writer,written by,4,24,Lee Loeb,1910,1978,writer
tt87447717,Until Kingdom Come,Until Kingdom Come,1962,60,Western,8.2,23,6,writer,writer,4,14,Lee Loeb,1910,1978,writer
tt22454820,Payoff,Payoff,1962,60,"Action,Adventure,Crime",7.9,12,6,writer,teleplay,3,27,Lee Loeb,1910,1978,writer
tt37990788,Pursuit of a Lady,Pursuit of a Lady,1962,60,"Action,Adventure,Crime",7.2,13,6,writer,teleplay,4,10,Lee Loeb,1910,1978,writer
tt83098485,Assignment in Gloribee,Assignment in Gloribee,1962,60,Western,7.9,28,7,writer,creator,6,18,Frank Gruber,1904,1969,"writer,miscellaneous,producer"
tt78568326,Chauncey,Chauncey,1962,60,Western,7.9,30,6,writer,creator,6,24,Frank Gruber,1904,1969,"writer,miscellaneous,producer"
tt61874870,Dont Wake a Tiger,Dont Wake a Tiger,1962,60,Western,7.6,25,6,writer,creator,6,32,Frank Gruber,1904,1969,"writer,miscellaneous,producer"
tt49695970,End of a Minor God,End of a Minor God,1962,60,Western,8.1,24,6,writer,creator,6,27,Frank Gruber,1904,1969,"writer,miscellaneous,producer"
tt55383464,Incident at Crossbow,Incident at Crossbow,1962,60,Western,7.3,20,7,writer,creator,6,19,Frank Gruber,1904,1969,"writer,miscellaneous,producer"
tt64825788,Moneyrun,Moneyrun,1962,60,Western,7.3,18,7,writer,creator,6,15,Frank Gruber,1904,1969,"writer,miscellaneous,producer"
tt46620739,Portrait of Teresa,Portrait of Teresa,1962,60,Western,7.5,18,7,writer,creator,6,20,Frank Gruber,1904,1969,"writer,miscellaneous,producer"
tt59356459,Remember the Yazoo,Remember the Yazoo,1962,60,Western,8.0,20,6,writer,creator,6,28,Frank Gruber,1904,1969,"writer,miscellaneous,producer"
tt22693997,Return to Yesterday,Return to Yesterday,1962,60,Western,6.8,20,7,writer,creator,6,16,Frank Gruber,1904,1969,"writer,miscellaneous,producer"
tt35697466,Reward for Gaine,Reward for Gaine,1962,60,Western,7.9,22,7,writer,creator,6,17,Frank Gruber,1904,1969,"writer,miscellaneous,producer"
tt86950164,Royal Maroon,Royal Maroon,1962,60,Western,7.8,27,6,writer,creator,6,30,Frank Gruber,1904,1969,"writer,miscellaneous,producer"
tt17865461,The Angry Sky,The Angry Sky,1962,60,Western,6.9,18,6,writer,creator,6,29,Frank Gruber,1904,1969,"writer,miscellaneous,producer"
tt24653936,The Gold Witch,The Gold Witch,1962,60,Western,8.2,21,8,writer,creator,6,31,Frank Gruber,1904,1969,"writer,miscellaneous,producer"
tt70798630,The Traveler,The Traveler,1962,60,Western,8.1,23,6,writer,creator,6,22,Frank Gruber,1904,1969,"writer,miscellaneous,producer"
tt40318956,The Wayfarers,The Wayfarers,1962,60,Western,8.9,21,6,writer,creator,6,33,Frank Gruber,1904,1969,"writer,miscellaneous,producer"
tt36048783,To Kill a Town,To Kill a Town,1962,60,Western,7.5,21,6,writer,creator,6,26,Frank Gruber,1904,1969,"writer,miscellaneous,producer"
tt67710824,Vignette of a Sinner,Vignette of a Sinner,1962,60,Western,8.8,23,6,writer,creator,6,34,Frank Gruber,1904,1969,"writer,miscellaneous,producer"
tt74942806,Who Lives by the Gun,Who Lives by the Gun,1962,60,Western,8.3,25,7,writer,creator,6,25,Frank Gruber,1904,1969,"writer,miscellaneous,producer"
tt80699745,Winter Storm,Winter Storm,1962,60,Western,7.8,24,7,writer,creator,6,23,Frank Gruber,1904,1969,"writer,miscellaneous,producer"
tt65700207,Give the Boys a Great Big Hand,Give the Boys a Great Big Hand,1962,60,"Crime,Drama",7.7,10,7,writer,teleplay,1,17,Shimon Wincelberg,1924,2004,"writer,actor"
tt66186057,Coals of Fire,Coals of Fire,1962,60,Western,7.0,10,6,writer,written by,1,11,Shimon Wincelberg,1924,2004,"writer,actor"
tt91249312,Never Won Fair Lady,Never Won Fair Lady,1962,60,Western,7.0,6,7,writer,writer,1,21,Shimon Wincelberg,1924,2004,"writer,actor"
tt31877924,Cream of the Jest,Cream of the Jest,1962,30,Western,7.1,65,6,writer,written by,5,34,Shimon Wincelberg,1924,2004,"writer,actor"
tt86472130,Dont Shoot the Piano Player,Dont Shoot the Piano Player,1962,30,Western,8.1,70,6,writer,written by,5,26,Shimon Wincelberg,1924,2004,"writer,actor"
tt95092580,The Mark of Cain,The Mark of Cain,1962,30,Western,7.6,66,6,writer,written by,5,19,Shimon Wincelberg,1924,2004,"writer,actor"
tt26319900,Penelope,Penelope,1962,30,Western,7.0,72,6,writer,written by,6,13,Shimon Wincelberg,1924,2004,"writer,actor"
tt56980438,Daughter Am I in My Fathers House,Daughter Am I in My Fathers House,1962,60,"Crime,Drama,Thriller",8.1,68,6,writer,writer,4,3,Shimon Wincelberg,1924,2004,"writer,actor"
tt31665323,Make It Fifty Dollars and Add Love to Nona,Make It Fifty Dollars and Add Love to Nona,1962,60,"Crime,Drama,Thriller",7.7,37,6,writer,writer,4,9,Shimon Wincelberg,1924,2004,"writer,actor"
tt54113605,Down the Gardenia Path,Down the Gardenia Path,1962,60,"Crime,Drama,Mystery",6.3,10,10,cinematographer,director of photography,2,33,Bob Gough,1910,1975,"cinematographer,camera_department"
tt65564886,In a Foreign Quarter,In a Foreign Quarter,1962,60,"Crime,Drama,Mystery",5.7,7,10,cinematographer,director of photography,2,27,Bob Gough,1910,1975,"cinematographer,camera_department"
tt69191311,Remembrance of Crimes Past,Remembrance of Crimes Past,1962,60,"Crime,Drama,Mystery",6.9,10,10,cinematographer,director of photography,2,20,Bob Gough,1910,1975,"cinematographer,camera_department"
tt99892827,Trial by Midnight,Trial by Midnight,1962,60,"Crime,Drama,Mystery",5.8,7,9,cinematographer,director of photography,2,24,Bob Gough,1910,1975,"cinematographer,camera_department"
tt49006232,Mr Grady Regrets,Mr Grady Regrets,1962,50,Western,6.1,9,9,cinematographer,director of photography,1,13,Bob Gough,1910,1975,"cinematographer,camera_department"
tt39713112,Naomi Champagne,Naomi Champagne,1962,60,Western,6.5,7,9,cinematographer,director of photography,1,19,Bob Gough,1910,1975,"cinematographer,camera_department"
tt40943549,The Daring Durandos,The Daring Durandos,1962,60,Western,6.6,6,9,cinematographer,director of photography,1,25,Bob Gough,1910,1975,"cinematographer,camera_department"
tt15614177,The Good Fight,The Good Fight,1962,60,Western,6.8,12,8,cinematographer,director of photography,1,22,Bob Gough,1910,1975,"cinematographer,camera_department"
tt27288604,The Inheritance,The Inheritance,1962,60,Western,5.8,10,8,cinematographer,director of photography,1,18,Bob Gough,1910,1975,"cinematographer,camera_department"
tt64784930,The Actor,The Actor,1962,30,Western,7.9,35,8,cinematographer,director of photography,4,37,Bob Gough,1910,1975,"cinematographer,camera_department"
tt17651283,A Day to Kill,A Day to Kill,1962,30,Western,6.8,11,10,cinematographer,director of photography,2,24,Bob Gough,1910,1975,"cinematographer,camera_department"
tt24535264,Property of the Crown,Property of the Crown,1962,30,Western,7.3,9,10,cinematographer,director of photography,2,25,Bob Gough,1910,1975,"cinematographer,camera_department"
tt45174922,St Louis Woman,St Louis Woman,1962,30,Western,6.2,12,10,cinematographer,director of photography,2,20,Bob Gough,1910,1975,"cinematographer,camera_department"
tt27346100,The Hunt,The Hunt,1962,30,Western,6.9,10,10,cinematographer,director of photography,2,21,Bob Gough,1910,1975,"cinematographer,camera_department"
tt13656533,The Kurt Davos Story,The Kurt Davos Story,1962,60,Western,8.6,58,9,cinematographer,director of photography,6,11,Bob Gough,1910,1975,"cinematographer,camera_department"
tt45401768,Curfew Shall Not Ring Tonight,Curfew Shall Not Ring Tonight,1962,30,"Comedy,Family",7.6,15,10,cinematographer,director of photography,5,40,Bob Gough,1910,1975,"cinematographer,camera_department"
tt71276600,The Big Trouble with Charlie,The Big Trouble with Charlie,1962,60,Drama,8.3,10,7,writer,writer,1,17,Norman Katkov,1918,2009,"writer,miscellaneous,actor"
tt84730653,Ramon,Ramon,1962,60,"Crime,Drama",8.4,9,7,writer,writer,1,27,David Lang,1913,2007,writer
tt17786350,The Last Letter,The Last Letter,1962,60,Western,9.3,23,6,writer,writer,4,12,David Lang,1913,2007,writer
tt77978351,Shadow of the Past,Shadow of the Past,1962,60,Western,8.4,66,6,writer,teleplay and story,4,4,David Lang,1913,2007,writer
tt73468959,Phoebe,Phoebe,1962,30,Western,6.9,12,6,writer,written by,2,38,David Lang,1913,2007,writer
tt72344599,Square Cop,Square Cop,1962,60,"Crime,Drama",7.4,8,6,writer,writer,1,24,Robert Hardy Andrews,1903,1976,"writer,miscellaneous,producer"
tt43484834,Lost Sheep Lost Shepherd,Lost Sheep Lost Shepherd,1962,60,"Action,Drama,War",7.7,129,6,writer,written by,1,3,Robert Hardy Andrews,1903,1976,"writer,miscellaneous,producer"
tt85721644,Mr Second Chance,Mr Second Chance,1962,60,"Drama,Family",7.0,6,6,writer,story,1,9,Robert Hardy Andrews,1903,1976,"writer,miscellaneous,producer"
tt40946298,The Bride Who Died Twice,The Bride Who Died Twice,1962,60,"Crime,Drama,Horror",6.4,112,6,writer,writer,2,25,Robert Hardy Andrews,1903,1976,"writer,miscellaneous,producer"
tt54642508,The Innocent Bystanders,The Innocent Bystanders,1962,60,"Crime,Drama,Horror",6.5,107,6,writer,writer,2,28,Robert Hardy Andrews,1903,1976,"writer,miscellaneous,producer"
tt55593725,Seven Against the Sea,Seven Against the Sea,1962,60,Drama,8.2,18,9,cinematographer,director of photography,1,20,Dale Deverman,1908,1975,"cinematographer,camera_department,actor"
tt81852789,Act of Faith,Act of Faith,1962,30,"Comedy,Crime,Drama",6.3,254,9,cinematographer,director of photography,7,27,Dale Deverman,1908,1975,"cinematographer,camera_department,actor"
tt51469418,Apex,Apex,1962,30,"Comedy,Crime,Drama",7.9,364,9,cinematographer,director of photography,7,24,Dale Deverman,1908,1975,"cinematographer,camera_department,actor"
tt25997126,ProfitSharing Plan,ProfitSharing Plan,1962,30,"Comedy,Crime,Drama",7.3,312,9,cinematographer,director of photography,7,23,Dale Deverman,1908,1975,"cinematographer,camera_department,actor"
tt83598412,The Case of MJH,The Case of MJH,1962,30,"Comedy,Crime,Drama",7.4,321,8,cinematographer,director of photography,7,16,Dale Deverman,1908,1975,"cinematographer,camera_department,actor"
tt75337760,The Door Without a Key,The Door Without a Key,1962,30,"Comedy,Crime,Drama",7.3,353,9,cinematographer,director of photography,7,15,Dale Deverman,1908,1975,"cinematographer,camera_department,actor"
tt86302416,The Faith of Aaron Menefee,The Faith of Aaron Menefee,1962,30,"Comedy,Crime,Drama",6.9,305,9,cinematographer,director of photography,7,17,Dale Deverman,1908,1975,"cinematographer,camera_department,actor"
tt21668090,The Kerry Blue,The Kerry Blue,1962,30,"Comedy,Crime,Drama",7.1,321,8,cinematographer,director of photography,7,28,Dale Deverman,1908,1975,"cinematographer,camera_department,actor"
tt21298377,The Twelve Hour Caper,The Twelve Hour Caper,1962,30,"Comedy,Crime,Drama",8.0,378,9,cinematographer,director of photography,7,34,Dale Deverman,1908,1975,"cinematographer,camera_department,actor"
tt13359917,The Woman Who Wanted to Live,The Woman Who Wanted to Live,1962,30,"Comedy,Crime,Drama",8.0,458,8,cinematographer,director of photography,7,18,Dale Deverman,1908,1975,"cinematographer,camera_department,actor"
tt35744928,Along About Late in the Afternoon,Along About Late in the Afternoon,1962,60,Drama,7.0,8,10,cinematographer,director of photography,1,12,Dale Deverman,1908,1975,"cinematographer,camera_department,actor"
tt25898661,Cry a Little for Mary Too,Cry a Little for Mary Too,1962,60,Drama,8.2,7,10,cinematographer,director of photography,1,9,Dale Deverman,1908,1975,"cinematographer,camera_department,actor"
tt11514897,Eat Little Fishie Eat,Eat Little Fishie Eat,1962,60,Drama,8.3,9,10,cinematographer,director of photography,1,10,Dale Deverman,1908,1975,"cinematographer,camera_department,actor"
tt53890744,Hooray Hooray the Circus Is Coming to Town,Hooray Hooray the Circus Is Coming to Town,1962,60,Drama,7.6,6,10,cinematographer,director of photography,1,8,Dale Deverman,1908,1975,"cinematographer,camera_department,actor"
tt30019209,The Blues My Babe Gave to Me,The Blues My Babe Gave to Me,1962,60,Drama,8.7,8,10,cinematographer,director of photography,1,11,Dale Deverman,1908,1975,"cinematographer,camera_department,actor"
tt32569295,Substitute Sheriff,Substitute Sheriff,1962,30,Western,6.5,8,9,cinematographer,director of photography,2,18,Dale Deverman,1908,1975,"cinematographer,camera_department,actor"
tt96899644,The Frame,The Frame,1962,30,Western,5.8,12,10,cinematographer,director of photography,2,33,Dale Deverman,1908,1975,"cinematographer,camera_department,actor"
tt30837837,Trial by Fury,Trial by Fury,1962,30,Western,7.5,10,10,cinematographer,director of photography,2,32,Dale Deverman,1908,1975,"cinematographer,camera_department,actor"
tt96337583,The Pigeon,The Pigeon,1962,60,"Crime,Drama",7.7,22,6,writer,teleplay,1,19,Hendrik Vollaerts,1918,1988,"writer,miscellaneous"
tt87367700,The Pigeon,The Pigeon,1962,60,"Crime,Drama",7.7,22,7,writer,teleplay,1,19,Raphael Hayes,1915,2010,writer
tt99255499,The Runt,The Runt,1962,60,Western,7.5,67,7,writer,teleplay,3,21,Raphael Hayes,1915,2010,writer
tt31053276,Incident at Quivira,Incident at Quivira,1962,60,Western,7.9,67,6,writer,writer,5,13,Raphael Hayes,1915,2010,writer
tt32649540,The Careful Terrorist,The Careful Terrorist,1962,49,"Action,Crime,Drama",7.2,245,8,writer,screenplay by,1,3,Dick Sharples,1927,2015,"writer,script_department,miscellaneous"
tt19389268,The Charitable Countess,The Charitable Countess,1962,49,"Action,Crime,Drama",7.1,197,8,writer,screenplay by,1,12,Dick Sharples,1927,2015,"writer,script_department,miscellaneous"
tt53225348,The Latin Touch,The Latin Touch,1962,49,"Action,Crime,Drama",7.1,292,8,writer,screenplay by,1,2,Dick Sharples,1927,2015,"writer,script_department,miscellaneous"
tt99355247,Get Out of Town,Get Out of Town,1962,30,Western,8.0,24,7,writer,story,4,36,Leo Gordon,1922,2000,"actor,writer"
tt69526476,Green Bay Riddle,Green Bay Riddle,1962,60,Drama,8.4,8,6,writer,teleplay,2,31,Herbert Purdom,1921,1993,"writer,producer"
tt10477528,Women of Silure,Women of Silure,1962,60,"Crime,Drama",7.0,6,7,writer,story,1,28,Joseph Calvelli,1920,1983,"producer,writer,actor"
tt45214360,A Split Week in San Quentin,A Split Week in San Quentin,1962,60,Drama,6.6,10,6,writer,written by,1,2,Joseph Calvelli,1920,1983,"producer,writer,actor"
tt24944639,Everybodys Playing Polo,Everybodys Playing Polo,1962,60,Drama,7.2,7,6,writer,writer,1,12,Joseph Calvelli,1920,1983,"producer,writer,actor"
tt54093570,Opies Rival,Opies Rival,1962,26,"Comedy,Family",7.4,288,6,writer,written by,3,10,Sidney Morse,1920,2003,"writer,miscellaneous,producer"
tt42779368,A Hot Day for a Hanging,A Hot Day for a Hanging,1962,60,Western,6.9,113,6,writer,written by,4,4,Preston Wood,1923,2011,"writer,miscellaneous,director"
tt36076084,The Beginning,The Beginning,1962,60,Western,7.1,89,6,writer,written by,4,9,Preston Wood,1923,2011,"writer,miscellaneous,director"
tt86703882,The Miracle Maker,The Miracle Maker,1962,60,Western,6.3,91,7,writer,teleplay,3,34,Preston Wood,1923,2011,"writer,miscellaneous,director"
tt42643402,Only by Cunning Glimpses,Only by Cunning Glimpses,1962,50,Adventure,7.2,63,7,writer,story,3,12,Preston Wood,1923,2011,"writer,miscellaneous,director"
tt91897511,Our Ernie Kills People,Our Ernie Kills People,1962,60,"Sport,Western",7.4,6,7,writer,story,1,7,Preston Wood,1923,2011,"writer,miscellaneous,director"
tt63286376,Journey to Nineveh,Journey to Nineveh,1962,51,Adventure,7.6,100,6,writer,written by,3,2,William R. Cox,1901,1988,"writer,music_department"
tt66161434,Incident at Crossbow,Incident at Crossbow,1962,60,Western,7.3,20,6,writer,written by,6,19,William R. Cox,1901,1988,"writer,music_department"
tt82476689,Eds New Neighbors,Eds New Neighbors,1962,30,"Comedy,Family,Fantasy",7.6,36,6,writer,written by,2,22,Stanley Adams,1915,1977,"actor,writer"
tt41979808,Horse Wash,Horse Wash,1962,30,"Comedy,Family,Fantasy",7.9,37,6,writer,written by,2,16,Stanley Adams,1915,1977,"actor,writer"
tt69611146,Eds Word of Honor,Eds Word of Honor,1962,30,"Comedy,Family,Fantasy",8.1,34,6,writer,written by,2,19,Stanley Adams,1915,1977,"actor,writer"
tt54113745,The Pitchwagon,The Pitchwagon,1962,51,Western,7.8,79,7,writer,teleplay,4,21,Wilton Schiller,1919,2014,"producer,writer,script_department"
tt32520680,A Grave for Cully Brown,A Grave for Cully Brown,1962,60,Western,8.4,62,7,writer,story,3,20,Edward J. Lakso,1932,2009,"writer,producer,soundtrack"
tt49249827,Matter of Honor,Matter of Honor,1962,30,Western,8.8,21,7,producer,producer,10,20,Nat Perrin,1905,1998,"producer,writer,director"
tt17926199,Girl with a Gun,Girl with a Gun,1962,30,Western,7.9,21,7,producer,producer,10,22,Nat Perrin,1905,1998,"producer,writer,director"
tt31618917,Justice at Jackson Creek,Justice at Jackson Creek,1962,30,Western,8.2,18,8,producer,producer,10,17,Nat Perrin,1905,1998,"producer,writer,director"
tt33544570,Preacher with a Past,Preacher with a Past,1962,30,Western,7.6,16,7,producer,producer,10,18,Nat Perrin,1905,1998,"producer,writer,director"
tt38373049,A Sponge Full of Vinegar,A Sponge Full of Vinegar,1962,30,Western,8.8,16,8,producer,producer,10,13,Nat Perrin,1905,1998,"producer,writer,director"
tt66227754,Suzie,Suzie,1962,25,Western,8.4,24,8,producer,producer,11,3,Nat Perrin,1905,1998,"producer,writer,director"
tt11683839,The Breaking Point,The Breaking Point,1962,25,Western,8.2,21,8,producer,producer,10,21,Nat Perrin,1905,1998,"producer,writer,director"
tt38349302,The Unshakable Man,The Unshakable Man,1962,25,Western,8.8,20,7,producer,producer,10,24,Nat Perrin,1905,1998,"producer,writer,director"
tt89114783,Way Station,Way Station,1962,25,Western,8.5,16,7,producer,producer,10,23,Nat Perrin,1905,1998,"producer,writer,director"
tt89098051,The Truth Session,The Truth Session,1962,26,"Comedy,Family",7.5,23,6,writer,teleplay,3,26,Henry Sharp,1912,2019,"writer,miscellaneous"
tt92582360,Community Picnic,Community Picnic,1962,30,"Comedy,Family",7.0,24,8,writer,written by,3,37,Phil Leslie,1909,1988,"writer,miscellaneous,script_department"
tt66198915,Dennis and the Hermit,Dennis and the Hermit,1962,30,"Comedy,Family",6.4,33,8,writer,written by,4,13,Phil Leslie,1909,1988,"writer,miscellaneous,script_department"
tt69045996,Dennis Documentary Film,Dennis Documentary Film,1962,30,"Comedy,Family",7.8,28,8,writer,written by,3,25,Phil Leslie,1909,1988,"writer,miscellaneous,script_department"
tt31424724,Dennis Lovesick Friend,Dennis Lovesick Friend,1962,30,"Comedy,Family",6.0,34,8,writer,written by,3,32,Phil Leslie,1909,1988,"writer,miscellaneous,script_department"
tt46050169,Horseless Carriage Club,Horseless Carriage Club,1962,30,"Comedy,Family",8.1,28,8,writer,written by,3,26,Phil Leslie,1909,1988,"writer,miscellaneous,script_department"
tt37606634,John Wilsons Cushion,John Wilsons Cushion,1962,30,"Comedy,Family",6.3,31,8,writer,written by,3,33,Phil Leslie,1909,1988,"writer,miscellaneous,script_department"
tt82362282,Mr Wilsons Housekeeper,Mr Wilsons Housekeeper,1962,30,"Comedy,Family",7.6,33,8,writer,written by,3,23,Phil Leslie,1909,1988,"writer,miscellaneous,script_department"
tt84091808,The Private Eye,The Private Eye,1962,30,"Comedy,Family",7.5,26,8,writer,written by,3,22,Phil Leslie,1909,1988,"writer,miscellaneous,script_department"
tt45393380,The Club Initiation,The Club Initiation,1962,30,"Comedy,Family",7.4,30,8,writer,written by,3,36,Phil Leslie,1909,1988,"writer,miscellaneous,script_department"
tt68997971,The New Principal,The New Principal,1962,30,"Comedy,Family",6.2,31,8,writer,written by,4,7,Phil Leslie,1909,1988,"writer,miscellaneous,script_department"
tt86630881,Hazel Quits,Hazel Quits,1962,30,Comedy,7.8,39,8,writer,written by,1,29,Phil Leslie,1909,1988,"writer,miscellaneous,script_department"
tt92498719,Silence Is Golden,Silence Is Golden,1962,30,"Comedy,Family",8.1,30,8,writer,written by,3,16,Phil Leslie,1909,1988,"writer,miscellaneous,script_department"
tt95759014,Wilsons Second Childhood,Wilsons Second Childhood,1962,30,"Comedy,Family",7.4,40,8,writer,written by,4,11,Phil Leslie,1909,1988,"writer,miscellaneous,script_department"
tt81120993,Community Picnic,Community Picnic,1962,30,"Comedy,Family",7.0,24,6,writer,written by,3,37,Keith Fowler,1906,1973,"writer,miscellaneous"
tt61282425,Dennis and the Hermit,Dennis and the Hermit,1962,30,"Comedy,Family",6.4,33,6,writer,written by,4,13,Keith Fowler,1906,1973,"writer,miscellaneous"
tt44062152,Dennis Documentary Film,Dennis Documentary Film,1962,30,"Comedy,Family",7.8,28,6,writer,written by,3,25,Keith Fowler,1906,1973,"writer,miscellaneous"
tt92771555,Dennis Lovesick Friend,Dennis Lovesick Friend,1962,30,"Comedy,Family",6.0,34,6,writer,written by,3,32,Keith Fowler,1906,1973,"writer,miscellaneous"
tt91679331,Horseless Carriage Club,Horseless Carriage Club,1962,30,"Comedy,Family",8.1,28,6,writer,written by,3,26,Keith Fowler,1906,1973,"writer,miscellaneous"
tt49632658,John Wilsons Cushion,John Wilsons Cushion,1962,30,"Comedy,Family",6.3,31,6,writer,written by,3,33,Keith Fowler,1906,1973,"writer,miscellaneous"
tt35838424,Mr Wilsons Housekeeper,Mr Wilsons Housekeeper,1962,30,"Comedy,Family",7.6,33,6,writer,written by,3,23,Keith Fowler,1906,1973,"writer,miscellaneous"
tt63645410,The Private Eye,The Private Eye,1962,30,"Comedy,Family",7.5,26,6,writer,written by,3,22,Keith Fowler,1906,1973,"writer,miscellaneous"
tt66680623,The Club Initiation,The Club Initiation,1962,30,"Comedy,Family",7.4,30,6,writer,written by,3,36,Keith Fowler,1906,1973,"writer,miscellaneous"
tt38296947,The New Principal,The New Principal,1962,30,"Comedy,Family",6.2,31,6,writer,written by,4,7,Keith Fowler,1906,1973,"writer,miscellaneous"
tt38753451,Hazel Quits,Hazel Quits,1962,30,Comedy,7.8,39,6,writer,written by,1,29,Keith Fowler,1906,1973,"writer,miscellaneous"
tt71777141,Silence Is Golden,Silence Is Golden,1962,30,"Comedy,Family",8.1,30,6,writer,written by,3,16,Keith Fowler,1906,1973,"writer,miscellaneous"
tt89985520,Wilsons Second Childhood,Wilsons Second Childhood,1962,30,"Comedy,Family",7.4,40,6,writer,written by,4,11,Keith Fowler,1906,1973,"writer,miscellaneous"
tt16487790,Actress in the House,Actress in the House,1962,30,"Comedy,Family",7.2,15,7,writer,written by,6,7,John Bradford,1919,1998,"writer,miscellaneous,producer"
tt52066017,The Law and Mr McCoy,The Law and Mr McCoy,1962,30,"Comedy,Family",7.5,15,6,writer,written by,5,16,John Bradford,1919,1998,"writer,miscellaneous,producer"
tt28044680,Baileys Bad Boy,Baileys Bad Boy,1962,30,"Comedy,Family",8.2,352,7,writer,written by,2,15,Ben Gershman,1907,1995,writer
tt80115302,The Merchant of Mayberry,The Merchant of Mayberry,1962,26,"Comedy,Family",8.1,337,7,writer,written by,2,22,Ben Gershman,1907,1995,writer
tt87108740,One Angry Man,One Angry Man,1962,30,"Comedy,Family",8.1,251,7,writer,written by,1,24,Ben Gershman,1907,1995,writer
tt95940783,The New Office,The New Office,1962,30,"Comedy,Family",7.4,20,6,writer,written by,4,22,Ben Gershman,1907,1995,writer
tt21694017,Hunger Strike,Hunger Strike,1962,30,"Comedy,Family",7.8,14,7,writer,written by,9,23,Ben Gershman,1907,1995,writer
tt28420745,Extrasensory Charley,Extrasensory Charley,1962,30,"Comedy,Family",7.4,12,7,writer,written by,9,27,Ben Gershman,1907,1995,writer
tt29183295,Gold in Them Hills,Gold in Them Hills,1962,30,"Comedy,Family",5.3,9,6,writer,written by,5,17,Seaman Jacobs,1912,2008,"writer,script_department,miscellaneous"
tt59029982,How Howard Won His C,How Howard Won His C,1962,30,"Comedy,Family",6.9,9,6,writer,written by,5,18,Seaman Jacobs,1912,2008,"writer,script_department,miscellaneous"
tt60649560,Pepinos Inheritance,Pepinos Inheritance,1962,30,"Comedy,Family",7.5,17,7,writer,written by,6,9,Seaman Jacobs,1912,2008,"writer,script_department,miscellaneous"
tt40237539,Bentley Takes It Easy,Bentley Takes It Easy,1962,30,"Comedy,Family",6.6,8,7,writer,story,5,36,Seaman Jacobs,1912,2008,"writer,script_department,miscellaneous"
tt35783643,Taming of the Brat,Taming of the Brat,1962,30,Comedy,8.1,17,6,writer,written by,1,16,Seaman Jacobs,1912,2008,"writer,script_department,miscellaneous"
tt60565647,Joey Hires a Maid,Joey Hires a Maid,1962,30,Comedy,7.6,12,6,writer,written by,1,25,Seaman Jacobs,1912,2008,"writer,script_department,miscellaneous"
tt17389611,Must the Show Go On,Must the Show Go On,1962,30,Comedy,6.7,11,6,writer,writer,1,29,Seaman Jacobs,1912,2008,"writer,script_department,miscellaneous"
tt30584684,Pepinos Inheritance,Pepinos Inheritance,1962,30,"Comedy,Family",7.5,17,6,writer,written by,6,9,Ed James,1908,1995,"writer,miscellaneous,script_department"
tt62207658,The Arrow of God,The Arrow of God,1962,49,"Action,Crime,Drama",7.3,228,9,producer,producer,1,7,Monty Berman,1913,2006,"producer,writer,cinematographer"
tt30825486,The Careful Terrorist,The Careful Terrorist,1962,49,"Action,Crime,Drama",7.2,245,10,producer,producer,1,3,Monty Berman,1913,2006,"producer,writer,cinematographer"
tt31429995,The Charitable Countess,The Charitable Countess,1962,49,"Action,Crime,Drama",7.1,197,10,producer,producer,1,12,Monty Berman,1913,2006,"producer,writer,cinematographer"
tt11069624,The Covetous Headsman,The Covetous Headsman,1962,49,"Action,Crime,Drama",7.5,226,9,producer,producer,1,4,Monty Berman,1913,2006,"producer,writer,cinematographer"
tt75460442,The Effete Angler,The Effete Angler,1962,50,"Action,Crime,Drama",6.9,215,9,producer,producer,1,9,Monty Berman,1913,2006,"producer,writer,cinematographer"
tt49487017,The Element of Doubt,The Element of Doubt,1962,49,"Action,Crime,Drama",7.0,198,9,producer,producer,1,8,Monty Berman,1913,2006,"producer,writer,cinematographer"
tt91370015,The Golden Journey,The Golden Journey,1962,49,"Action,Crime,Drama",6.8,230,8,producer,producer,1,10,Monty Berman,1913,2006,"producer,writer,cinematographer"
tt64335036,The Latin Touch,The Latin Touch,1962,49,"Action,Crime,Drama",7.1,292,10,producer,producer,1,2,Monty Berman,1913,2006,"producer,writer,cinematographer"
tt15174806,The Loaded Tourist,The Loaded Tourist,1962,49,"Action,Crime,Drama",7.1,224,9,producer,producer,1,5,Monty Berman,1913,2006,"producer,writer,cinematographer"
tt12907547,The Man Who Was Lucky,The Man Who Was Lucky,1962,50,"Action,Crime,Drama",7.4,191,8,producer,producer,1,11,Monty Berman,1913,2006,"producer,writer,cinematographer"
tt95897557,The Pearls of Peace,The Pearls of Peace,1962,49,"Action,Crime,Drama",7.3,239,9,producer,producer,1,6,Monty Berman,1913,2006,"producer,writer,cinematographer"
tt57600099,The Talented Husband,The Talented Husband,1962,50,"Action,Crime,Drama",7.5,435,9,producer,producer,1,1,Monty Berman,1913,2006,"producer,writer,cinematographer"
tt33064479,Operation Wedding Party,Operation Wedding Party,1962,30,"Comedy,War",7.4,59,6,writer,written by,1,6,Martin Roth,1924,2000,"writer,script_department,miscellaneous"
tt40577821,The Battle of McHales Island,The Battle of McHales Island,1962,30,"Comedy,War",7.3,51,6,writer,written by,1,10,Martin Roth,1924,2000,"writer,script_department,miscellaneous"
tt78820148,The Careful Terrorist,The Careful Terrorist,1962,49,"Action,Crime,Drama",7.2,245,7,writer,screenplay by,1,3,Gerald Kelsey,1919,2006,writer
tt87562322,The Charitable Countess,The Charitable Countess,1962,49,"Action,Crime,Drama",7.1,197,7,writer,screenplay by,1,12,Gerald Kelsey,1919,2006,writer
tt69519897,The Latin Touch,The Latin Touch,1962,49,"Action,Crime,Drama",7.1,292,7,writer,screenplay by,1,2,Gerald Kelsey,1919,2006,writer
tt27561751,A Bride for the Captain,A Bride for the Captain,1962,48,Adventure,7.0,11,6,writer,writer,3,23,Jean Holloway,1917,1989,"writer,miscellaneous"
tt97447984,The Bed Ive Made,The Bed Ive Made,1962,60,Drama,8.9,12,6,writer,writer,2,12,Jean Holloway,1917,1989,"writer,miscellaneous"
tt70965724,The Road to the Heart,The Road to the Heart,1962,60,Drama,8.6,10,6,writer,teleplay,1,32,Jean Holloway,1917,1989,"writer,miscellaneous"
tt51156744,A Bride for the Captain,A Bride for the Captain,1962,48,Adventure,7.0,11,7,writer,creator,3,23,James A. Michener,1907,1997,"writer,miscellaneous,actor"
tt89500444,The Velvet Trap,The Velvet Trap,1962,48,Adventure,5.5,9,6,writer,creator,3,16,James A. Michener,1907,1997,"writer,miscellaneous,actor"
tt64802081,Policemans Holiday,Policemans Holiday,1962,49,Adventure,6.5,8,8,writer,creator,3,17,James A. Michener,1907,1997,"writer,miscellaneous,actor"
tt81035256,The First Born,The First Born,1962,60,Western,7.5,121,7,writer,written by,4,1,George W. George,1920,2007,"writer,producer,miscellaneous"
tt85946213,The First Born,The First Born,1962,60,Western,7.5,121,6,writer,written by,4,1,Judy George,1932,2006,writer
tt96858393,And If I Die,And If I Die,1962,60,Drama,7.5,7,7,writer,writer,1,13,Ken Kolb,1926,2016,writer
tt17052465,The Burning Sky,The Burning Sky,1962,60,Drama,6.5,20,6,writer,writer,2,2,Ken Kolb,1926,2016,writer
tt36227991,The Lieutenant Burton Story,The Lieutenant Burton Story,1962,60,Western,8.3,51,6,writer,story,5,22,Ken Kolb,1926,2016,writer
tt81750369,The Malachi Hobart Story,The Malachi Hobart Story,1962,60,Western,7.5,73,6,writer,writer,5,17,Ken Kolb,1926,2016,writer
tt64187473,Nurse Dickens,Nurse Dickens,1962,30,Comedy,6.6,7,8,cinematographer,director of photography,1,2,Maury Gertsman,1907,1999,"cinematographer,camera_department"
tt25344655,The Double Life of Mel Warshaw,The Double Life of Mel Warshaw,1962,30,Comedy,6.6,7,8,cinematographer,director of photography,1,3,Maury Gertsman,1907,1999,"cinematographer,camera_department"
tt71425265,PartTime Friend,PartTime Friend,1962,30,Comedy,6.4,7,10,cinematographer,director of photography,1,5,Maury Gertsman,1907,1999,"cinematographer,camera_department"
tt19938049,Squadron,Squadron,1962,60,"Comedy,Drama",7.0,21,6,producer,producer,1,19,William Froug,1922,2013,"producer,writer,miscellaneous"
tt97286227,A Split Week in San Quentin,A Split Week in San Quentin,1962,60,Drama,6.6,10,8,producer,producer,1,2,William Froug,1922,2013,"producer,writer,miscellaneous"
tt81861365,Everybodys Playing Polo,Everybodys Playing Polo,1962,60,Drama,7.2,7,8,producer,producer,1,12,William Froug,1922,2013,"producer,writer,miscellaneous"
tt80331208,Hear the Mellow Wedding Bells,Hear the Mellow Wedding Bells,1962,60,Drama,8.0,9,9,producer,producer,1,8,William Froug,1922,2013,"producer,writer,miscellaneous"
tt40666299,Life Is a Lie Love Is a Cheat,Life Is a Lie Love Is a Cheat,1962,60,Drama,7.9,9,8,producer,producer,1,9,William Froug,1922,2013,"producer,writer,miscellaneous"
tt25666919,Maddons Folly,Maddons Folly,1962,60,Drama,7.3,8,7,producer,producer,1,7,William Froug,1922,2013,"producer,writer,miscellaneous"
tt39869422,Nor Practice Make Perfect,Nor Practice Make Perfect,1962,60,Drama,7.1,13,6,writer,writer,1,3,William Froug,1922,2013,"producer,writer,miscellaneous"
tt21083217,Nothing Equals Nothing,Nothing Equals Nothing,1962,60,Drama,7.0,10,8,producer,producer,1,4,William Froug,1922,2013,"producer,writer,miscellaneous"
tt34847283,So Various So Beautiful,So Various So Beautiful,1962,60,Drama,7.2,6,8,producer,producer,1,14,William Froug,1922,2013,"producer,writer,miscellaneous"
tt91297905,Tears for a Nobody Doll,Tears for a Nobody Doll,1962,60,Drama,7.0,7,8,producer,producer,1,5,William Froug,1922,2013,"producer,writer,miscellaneous"
tt39698258,The Bird of Warning,The Bird of Warning,1962,60,Drama,6.7,8,10,producer,producer,1,10,William Froug,1922,2013,"producer,writer,miscellaneous"
tt41348784,The Target Over the Hill,The Target Over the Hill,1962,60,Drama,7.8,10,8,producer,producer,1,16,William Froug,1922,2013,"producer,writer,miscellaneous"
tt65651669,The View from an Ivory Tower,The View from an Ivory Tower,1962,60,Drama,7.3,8,8,producer,producer,1,11,William Froug,1922,2013,"producer,writer,miscellaneous"
tt83725874,Too Many Strangers,Too Many Strangers,1962,60,Drama,7.3,8,8,producer,producer,1,13,William Froug,1922,2013,"producer,writer,miscellaneous"
tt47457664,Twenty Aching Years,Twenty Aching Years,1962,60,Drama,6.4,7,9,producer,producer,1,6,William Froug,1922,2013,"producer,writer,miscellaneous"
tt73548588,Babes in Wall Street,Babes in Wall Street,1962,60,Drama,6.8,7,7,writer,story,1,23,Daniel Mainwaring,1902,1977,"writer,miscellaneous"
tt12132081,The Artist,The Artist,1962,60,Western,7.1,104,6,writer,written by,4,3,Frank Chase,1923,2004,"writer,actor"
tt80390514,The Decision,The Decision,1962,60,Western,7.3,104,6,writer,teleplay,4,12,Frank Chase,1923,2004,"writer,actor"
tt81523293,The Jackknife,The Jackknife,1962,60,Western,7.3,106,6,writer,written by,3,22,Frank Chase,1923,2004,"writer,actor"
tt97783250,City of Wheels,City of Wheels,1962,51,Adventure,8.1,80,6,writer,written by,2,17,Frank Chase,1923,2004,"writer,actor"
tt79646265,Ever Ride the Waves in Oklahoma,Ever Ride the Waves in Oklahoma,1962,50,Adventure,7.8,71,8,writer,story,3,4,Frank Chase,1923,2004,"writer,actor"
tt25822709,Place for Abel Hix,Place for Abel Hix,1962,30,Western,8.2,71,7,writer,story,6,4,John Kneubuhl,1920,1992,"writer,producer"
tt68955052,Twenty Aching Years,Twenty Aching Years,1962,60,Drama,6.4,7,6,writer,story by,1,6,John Kneubuhl,1920,1992,"writer,producer"
tt56776742,The Specialists,The Specialists,1962,60,"Crime,Drama,Horror",5.6,86,7,writer,adaptation,2,30,John Kneubuhl,1920,1992,"writer,producer"
tt48897548,The John Bernard Story,The John Bernard Story,1962,60,Western,8.2,43,6,writer,written by,6,10,John Kneubuhl,1920,1992,"writer,producer"
tt48012191,The Case of the Crippled Cougar,The Case of the Crippled Cougar,1962,60,"Crime,Drama,Mystery",7.7,207,7,writer,written by,5,22,Bob Mitchell,1918,1992,"writer,actor"
tt85532851,The Case of the Fickle Filly,The Case of the Fickle Filly,1962,60,"Crime,Drama,Mystery",8.0,225,7,writer,written by,6,11,Bob Mitchell,1918,1992,"writer,actor"
tt82426508,Walk a Crooked Line,Walk a Crooked Line,1962,60,"Action,Crime,Drama",7.4,10,6,writer,written by,3,19,Clark Howat,1918,2009,"actor,script_department,writer"
tt24688409,So Various So Beautiful,So Various So Beautiful,1962,60,Drama,7.2,6,7,writer,written by,1,14,Arthur E. Orloff,1908,1994,writer
tt88390909,Destinies West,Destinies West,1962,60,Western,9.0,24,6,writer,writer,4,11,Barry Shipman,1912,1994,"writer,actor,director"
tt42921791,Loss of Faith,Loss of Faith,1962,25,Western,8.4,20,6,writer,writer,11,13,Barry Shipman,1912,1994,"writer,actor,director"
tt78742409,The 275000 Sack of Flour,The 275000 Sack of Flour,1962,25,Western,8.2,15,6,writer,writer,11,2,Barry Shipman,1912,1994,"writer,actor,director"
tt91862278,A Fist of Five,A Fist of Five,1962,52,"Action,Crime,Drama",8.0,58,10,cinematographer,director of photography,4,10,Charles Straumer,1905,1980,"cinematographer,camera_department"
tt53339843,Arsenal,Arsenal,1962,52,"Action,Crime,Drama",8.1,55,10,cinematographer,director of photography,3,27,Charles Straumer,1905,1980,"cinematographer,camera_department"
tt59479067,Bird in the Hand,Bird in the Hand,1962,52,"Action,Crime,Drama",7.4,45,10,cinematographer,director of photography,4,6,Charles Straumer,1905,1980,"cinematographer,camera_department"
tt12392815,Come and Kill Me,Come and Kill Me,1962,52,"Action,Crime,Drama",6.7,38,10,cinematographer,director of photography,4,9,Charles Straumer,1905,1980,"cinematographer,camera_department"
tt92755540,Downfall,Downfall,1962,52,"Action,Crime,Drama",7.3,49,10,cinematographer,director of photography,3,22,Charles Straumer,1905,1980,"cinematographer,camera_department"
tt89874473,Fall Guy,Fall Guy,1962,52,"Action,Crime,Drama",7.9,48,10,cinematographer,director of photography,3,12,Charles Straumer,1905,1980,"cinematographer,camera_department"
tt12996381,Man in the Middle,Man in the Middle,1962,52,"Action,Crime,Drama",7.5,56,10,cinematographer,director of photography,3,21,Charles Straumer,1905,1980,"cinematographer,camera_department"
tt49072945,Pressure,Pressure,1962,52,"Action,Crime,Drama",7.5,48,10,cinematographer,director of photography,3,26,Charles Straumer,1905,1980,"cinematographer,camera_department"
tt95543304,Silent Partner,Silent Partner,1962,52,"Action,Crime,Drama",7.9,58,10,cinematographer,director of photography,3,14,Charles Straumer,1905,1980,"cinematographer,camera_department"
tt13300479,The Case Against Eliot Ness,The Case Against Eliot Ness,1962,52,"Action,Crime,Drama",8.1,55,10,cinematographer,director of photography,3,23,Charles Straumer,1905,1980,"cinematographer,camera_department"
tt56150838,The Contract,The Contract,1962,52,"Action,Crime,Drama",7.8,52,10,cinematographer,director of photography,3,25,Charles Straumer,1905,1980,"cinematographer,camera_department"
tt88282870,The Death Tree,The Death Tree,1962,52,"Action,Crime,Drama",8.2,77,10,cinematographer,director of photography,3,16,Charles Straumer,1905,1980,"cinematographer,camera_department"
tt17804028,The Eddie OGara Story,The Eddie OGara Story,1962,52,"Action,Crime,Drama",7.3,41,10,cinematographer,director of photography,4,7,Charles Straumer,1905,1980,"cinematographer,camera_department"
tt92330533,The Gang War,The Gang War,1962,52,"Action,Crime,Drama",7.8,58,10,cinematographer,director of photography,3,13,Charles Straumer,1905,1980,"cinematographer,camera_department"
tt31864877,The Ginnie Littlesmith Story,The Ginnie Littlesmith Story,1962,52,"Action,Crime,Drama",7.2,53,9,cinematographer,director of photography,3,24,Charles Straumer,1905,1980,"cinematographer,camera_department"
tt52575068,The Maggie Storm Story,The Maggie Storm Story,1962,60,"Action,Crime,Drama",7.7,59,10,cinematographer,director of photography,3,20,Charles Straumer,1905,1980,"cinematographer,camera_department"
tt60970330,The Whitey Steele Story,The Whitey Steele Story,1962,52,"Action,Crime,Drama",7.8,54,10,cinematographer,director of photography,3,15,Charles Straumer,1905,1980,"cinematographer,camera_department"
tt90502816,A Feat of Strength,A Feat of Strength,1962,51,Adventure,6.3,50,8,writer,story,2,30,Everett DeBaum,1908,1977,"writer,actor"
tt32874654,The Private Mint of Clark Gruber and Co,The Private Mint of Clark Gruber and Co,1962,25,Western,9.4,20,6,writer,writer,11,12,Richard Sanville,1909,1971,"writer,miscellaneous"
tt44351381,Beginners Luck,Beginners Luck,1962,60,Western,8.2,20,7,writer,teleplay,4,6,George F. Slavin,1916,2001,writer
tt95980594,The Vanishing Breed,The Vanishing Breed,1962,60,Western,8.1,65,7,writer,story,7,9,George F. Slavin,1916,2001,writer
tt79531729,Trial by Fire,Trial by Fire,1962,60,Western,7.6,63,6,writer,writer,3,27,George F. Slavin,1916,2001,writer
tt81065950,Epitaph for a Gambler,Epitaph for a Gambler,1962,60,"Comedy,Western",7.0,49,6,writer,writer,5,8,George F. Slavin,1916,2001,writer
tt15431312,The Troubled Heir,The Troubled Heir,1962,60,"Comedy,Western",7.6,42,6,writer,writer,5,11,George F. Slavin,1916,2001,writer
tt80086750,Shadow of the Past,Shadow of the Past,1962,60,Western,8.4,66,7,writer,teleplay,4,4,Daniel B. Ullman,1918,1979,"writer,producer,miscellaneous"
tt72255659,The Dynamiters,The Dynamiters,1962,60,Western,8.5,61,7,writer,story,3,22,Daniel B. Ullman,1918,1979,"writer,producer,miscellaneous"
tt88034541,The High Country,The High Country,1962,49,Western,7.4,57,9,writer,story,3,19,Daniel B. Ullman,1918,1979,"writer,producer,miscellaneous"
